209011
816011
1024011
1079011
2830011
2831011
3188011
6943011
6917011
7140011
11124011
7624011
10847011
10878011
10940011
11110011
11243011
13263011
13279011
16327011
16414011
16429011
16643011
16642011
16646011
15011
48011
73011
74011
122011
123011
198011
210011
343011
579011
926011
892011
898011
1025011
2028011
2168011
3460011
3461011
4474011
4640011
4756011
4956011
5263011
5318011
5207011
5647011
5820011
6312011
6356011
6519011
6527011
7016011
7639011
7874011
7809011
8233011
8427011
10751011
11090011
11276011
11251011
11295011
12207011
12620011
13181011
13354011
13595011
13723011
13691011
13646011
13673011
13888011
14072011
14074011
14073011
14249011
14182011
14348011
14471011
14640011
14639011
14701011
14832011
14989011
15017011
14901011
15271011
15944011
16210011
16024011
16325011
16454011
16431011
16467011
16457011
16513011
16546011
16552011
16613011
16693011
16721011
32011
41011
54011
72011
82011
85011
125011
127011
115011
148011
243011
281011
338011
310011
366011
394011
418011
605011
598011
669011
660011
827011
920011
964011
969011
1037011
1038011
1116011
1117011
1300011
1566011
2372011
2986011
3187011
3212011
3273011
3452011
4381011
4588011
4609011
4875011
5077011
5079011
5198011
5622011
5959011
5956011
5995011
6052011
6115011
6116011
6296011
6555011
6565011
6453011
6596011
6388011
6642011
7067011
7022011
6974011
7027011
7047011
7050011
6953011
7620011
7622011
7509011
7844011
7820011
8069011
8154011
8327011
8387011
8378011
8635011
9160011
8987011
9536011
9803011
10318011
10320011
10610011
10661011
10954011
10993011
10968011
11017011
11124011
11204011
11157011
11225011
11299011
11298011
11302011
11314011
11397011
11193011
11777011
11827011
11946011
11853011
12228011
12340011
12408011
12661011
12753011
13404011
13512011
13525011
13541011
13631011
13641011
13623011
13606011
13650011
13754011
13767011
13779011
12863011
14055011
14014011
14409011
14416011
14419011
14516011
14486011
14485011
14576011
14581011
14616011
14765011
14777011
14857011
14854011
15005011
15039011
14476011
15198011
15295011
15314011
15910011
15941011
15966011
15993011
15996011
16058011
16364011
16361011
16395011
16387011
16399011
16412011
16494011
16459011
16413011
16434011
16458011
16455011
16488011
16501011
16526011
16654011
16551011
16590011
16591011
16653011
16749011
16753011
759025
757025
758025
4809025
158025
157025
1221025
156025
3829025
3928025
3894025
38025
135025
438025
1239025
1468025
1717025
2273025
2689025
2864025
2865025
3221025
3623025
3618025
3964025
4781025
1775170
3595170
1760170
5154170
2232013
1339013
1439013
1452013
1686013
2093013
3043013
739013
847013
846013
923013
1436013
1441013
1382013
1383013
1380013
1413013
1440013
1649013
1651013
1648013
2230013
2323013
2529013
3040013
3288013
3506013
3505013
3887013
3909013
3907013
3911013
3904013
5701042
7657042
7627042
7669042
7617042
7622042
10129042
130042
173012
212042
2674042
2754042
2861042
3593042
3678042
4269042
4271042
4991042
5659042
5746042
5867042
5870042
5846042
7046042
7062042
7371042
7500042
7546042
7663042
7598042
7654042
7618042
7635042
7612042
7659042
7637042
7648042
7643042
7636042
7644042
7789042
8073042
8151042
9354042
9462042
9894042
9922042
68042
133042
1092042
1353042
1652042
1663042
1695042
1800042
1884042
1957042
2493042
2495042
2671042
2837042
2890042
3010042
2980042
3172042
3530042
3586042
3602042
3622042
3723042
3797042
3781042
3787042
3802042
3782042
4449042
4444042
4443042
4297042
4489042
4426042
4478042
4500042
4629042
4738042
4739042
4852042
4909042
5291042
5565042
5714042
5795042
5821042
5850042
5826042
5853042
5877042
6080042
6163042
6432042
6650042
6643042
7122042
7113042
7235042
7072042
7092042
7364042
7469042
7502042
7559042
7633042
7590042
7619042
7642042
7647042
7588042
7646042
7599042
7615042
7634042
7676042
7670042
7677042
7630042
7652042
7616042
7915042
8883042
9085042
9016042
9180042
9945042
9950042
9944042
9986042
9990042
10051042
34027
107027
722027
1873027
1995027
2044027
4753027
851027
1246027
2094027
2149027
2537027
2760027
3199027
3226027
3240027
3277027
4502027
4804027
5044027