31
12
36
28
17
5
7
30
16
15
10
19
14
26
35
15
7
19
12
9
11
15
21
16
9
21
7
21
19
18
27
13
18
6
29
24
35
17
18
17
27
12
24
42
54
18
14
30
32
36
29
13
3
6
2
12
7
30
34
16
16
29
9
25
23
10
10
9
23
41
38
17
20
26
4
28
19
10
14
26
4
6
9
29
22
2
11
12
13
34
41
10
15
29
22
38
19
45
13
11
34
4
25
12
15
24
13
17
16
43
24
21
24
26
45
21
21
35
46
17
24
11
26
6
5
22
38
7
42
33
45
18
43
15
11
7
35
24
15
18
7
11
21
13
26
21
33
35
50
52
22
13
17
11
8
40
28
10
12
29
28
3
18
8
26
15
9
4
10
5
12
40
16
29
8
39
9
6
29
42
15
8
8
8
9
18
34
13
4
19
29
33
46
19
24
23
23
40
17
16
12
17
15
11
4
11
17
23
51
9
13
8
38
12
13
16
29
32
26
24
21
51
44
28
17
22
36
29
12
23
23
9
5
6
7
17
21
9
9
5
6
6
7
13
13
9
18
11
3
10
11
11
15
10
15
29
32
31
15
11
10
10
8
35
13
10
36
45
7
16
13
16
18
25
10
12
8
22
25
21
5
22
22
32
6
10
28
32
10
6
8
17
19
24
44
37
29
22
20
35
5
4
37
32
40
37
34
29
2
18
15
17
10
19
13
13
18
15
18
17
5
10
18
34
26
3
11
39
43
6
19
25
8
39
8
23
27
8
12
3
26
8
15
12
5
11
11
12
9
2
9
9
8
32
36
8
9
3
7
25