4
12
8
20
15
17
21
15
16
14
16
36
75
17
62
63
89
85
85
85
87
74
78
87
83
85
12
10
11
11
9
17
15
18
16
17
22
27
23
24
22
43
26
25
26
22
13
11
26
19
34
35
19
33
17
16
18
11
19
27
29
66
30
29
26
26
24
34
21
21
9
12
15
16
14
9
5
13
14
17
15
19
8
22
25
25
31
18
55
11
49
7
31
30
18
34
34
32
22
18
27
34
36
24
62
12
12
14
14
37
40
35
35
44
43
39
39
36
24
36
38
16
40
19
14
40
8
24
10
28
27
13
56
49
10
8
39
11
11
83
21
21
21
21
20
20
20
35
22
17
17
18
18
17
19
18
57
26
27
12
26
26
7
36
15
30
42
26
38
32
16
15
93
26
24
35
59
54
24
31
34
34
33
7
22
17
9
62
60
19
11
13
35
29
25
29
18
10
46
11
12
45
30
15
22
31
60
76
44
40
66
9
63
12
48
42
52
12
50
61
82
30
35
9
32
55
33
35
60
17
28
18
47
46
49
36
52
17
78
27
35
27
73
39
47
28
56
63
48
49
56
35
45
22
31
49
38
40
53
33
30
43
29
17
31
11
9
19
8
12
29
39
61
70
79
17
50
47
49
81
41
28
19
23
12
74
35
26
58
48
33
14