11
14
41
26
29
26
24
41
10
6
26
33
24
46
25
51
22
25
20
22
42
35
51
38
32
25
34
41
23
26
25
14
22
22
21
23
29
40
30
45
22
46
67
23
33
30
40
58
31
38
64
19
7
20
26
29
34
56
40
29
26
35
11
41
23
25
12
18
28
44
11
19
11
26
16
16
23
24
49
48
37
41
45
42
39
49
7
26
100
13
21
39
17
30
55
17
11
40
38
29
47
34
37
26
55
51
45
18
22
19
42
15
26
13
12
19
9
31
41
86
23
28
9
20
28
39
36
30
30
48
65
60
41
21
38
45
38
18
26
10
9
9
6
9
9
37
32
30
32
18
23
18
29
26
51
24
23
19
6
24
10
24
40
31
22
46
18
21
15
28
70
28
37
31
34
30
29
15
31
12
12
28
46
26
34
26
32
32
18
16
41
8
51
27
23
21
18
14
40
55
11
21
11
21
39
68
12
15
15
10
5
11
24
24
3
39
17
21
42
16
22
25
36
9
28
42
33
33
29
8
21
17
23
23
6
44
62
10
6
30
29
32
22
5
15
43
51
17
36
23
17
22
13
13
11
35
26
18
16
6
17
15
12
18
24
24
20
14
14
9
22
13
28
24
44
72
27
36
45
25
16
25
13
21
59
44
41
33
33
31
34
19
30
40
28
10
30
14
59
31
27
19
53
12
38
25
32
27
21
22
21
23
7
28
36
51
52
34
53
54
41
44
30
11
19
51
58
50
53
43
13
17
22
17
16
25
29
68
47
27
30
14
21
36
15
9
20
23
39
37
15
38
42
9
18
10
40
18
32
12
16
16
12
14
35
21
61
30
45
22
19
24
107
18
39
10
12
52
54
33
9
18
46
22
19
31
36
23
25
30
12
24
26
11
32
21
42
39
13
15
11
26
32
13
54
17
36
36
25
56
22
18
39
16
62
23
6
22
114
23
12
24
20
81
26
14
4
7
31
52
37
6
11
19
34
24
34
49
32
13
12
12
24
37
8
36
18
45
35
6
31
14
46
23
7
21
25
11
35
53
20
19
4
31
28
21
5
20
15
17
86
54
10
6
4
19
19
77
48
16
25
45
14
13
11
31
18
48
26
43
16
11
24
24
26
41
25
35
10
28
42
26
13
7
6
15
54
18
13
24
8
25
23
13
18
27
18
33
27
19
32
19
21
28
17
6
24
11
45
12
15
20
15
16
40
26
46
51
21
56
42
53
18
12
12
79
65
66
41
39
20
44
39
42
25
78
15
21
25
17
14
24
23
22
6
18
9
22
29
6
23
48
13
21
17
16
9
39
21
30
32
30
8
31
12
28
23
17
36
18
40
14
32
60
13
16
18
23
27
45
36
30
16
26
41
9
29
24
13
8
26
38
13
13
32
42
31
28
30
19
28
17
36
54
19
12
22
62
13
17
11
57
14
43
14
52
10
10
24
34
16
6
6
17
40
32
9
20
21
37
43
12
8
33
13
41
34
30
42
10
8
10
14
18
38
32
65
9
97
18
49
32
39
25
35
76
42
30
37
34
24
30
38
43
59
18
53
30
33
49
10
25
76
43
15
15
29
22
20
48
31
11
80
16
15
4
15
46
46
39
45
28
22
38
7
11
7
15
33
52
24
8
12
24
27
55
27
12
54
103
24
26
11
29
34
8
42
23
34
17
27
36
16
32
15
9
23
23
63
29
40
42
44
60
22
25
85
71
29
22
24
25
21
21
37
7
11
9
32
19
24
55
6
20
17
16
19
56
66
16
39
28
21
51
47
65
22
32
10
32
37
37
17
25
31
26
43
53
40
22
27
31
10
61
50
11
19
10
17
11
43
22
18
65
51
23
25
76
16
33
26
22
23
26
12
5
67
29
24
7
17
42
29
39
50
41
43
68
34
49
13
56
32
33
52
24
37
25
32
33
22
27
11
73
24
23
12
11
38
14
37
56
16
53
48
36
23
67
42
16
26
14
65
60
61
66
70
34
34
10
45
20
24
18
56
24
59
10
14
58
31
29
8
23
24
11
48
16
37
49
33
22
25
55
46
48
40
32
38
40
48
52
16
30
19
18
7
30
13
63
69
12
25
18
44
18
69
14
16
68
23
57
33
76
57
22
16
20
11
51
53
52
31
33
45
8
55
8
51
51
28
22
22
112
86
38
39
33
22
21
62
21
7
15
75
69
67
17
63
21
13
23
40
9
130
126
129
84
15
33
37
13
41
54
12
30
22
45
28
13
33
33
78
59
14
16
31
37
53
39
29
53
49
24
30
46
10
36
24
15
17
38
10
12
76
20
14
32
24
70
54
20
44
42
15
101
27
119
43
46
20
61
58
57
20
21
49
45
35
30
25
9
19
9
16
50
33
47
36
54
167
22
38
44
22
65
78
19
54
105
30
29
26
43
70
34
33
24
31
31
10
18
48
52
36
42
49
24
7
7
8
47
32
58
24
35
33
34
19
39
31
28
76
57
49
26
57
41
26
28
11
33
31
56
37
30
38
54
54
35
10
42
40
15
12
9
13
18
12
16
19
59
26
23
32
22
7
11
34
25
12
50
24
47
77
75
33
41
69
32
33
24
26
31
32
23
21
16
23
20
61
17
29
28
91
10
29
76
50
27
39
23
143
36
85
33
13
23
28
46
22
16
29
127
29
45
38
67
27
24
33
18
76
19
23
18
22
19
13
42
20
33
34
67
19
10
27
10
22
15
27
15
40
63
26
25
39
34
42
23
23
44
35
26
66
127
29
38
71
24
33
32
26
42
42
50
44
60
15
27
51
82
28
17
17
13
12
33
13
14
41
62
70
52
49
28
22
27
30
33
35
33
13
16
10
12
20
19
12
15
57
17
25
23
37
48
22
18
24
43
52
11
9
16
11
14
12
10
13
12
48
47
16
29
18
29
30
24
16
103
6
45
49
45
14
20
95
59
39
41
37
8
40
20
48
38
29
15
51
10
5
67
31
34
29
30
5
15
68
12
30
48
13
67
17
15
14
65
52
33
28
34
61
73
65
63
72
16
54
53
60
66
20
87
69
42
23
35
29
26
53
25
187
33
32
89
19
70
80
37
28
21
46
87
74
78
59
11
15
22
12
31
26
30
20
17
20
43
18
6
11
13
12
14
23
70
53
17
15
79
36
15
53
41
35
31
33
46
64
32
13
16
31
23
20
31
23
35
53
67
59
10
10
10
40
23
9
5
19
71
70
35
119
16
15
5
71
49
27
144
47
118
11
75
32
14
13
40
49
37
7
72
66
62
44
22
83
71
77
45
34
35
11
38
34
29
30
49
29
26
74
38
15
14
37
132
35
34
38
17
12
74
121
41
42
44
169
29
14
37
7
10
124
93
20
10
77
14
8
8
11
20
21
17
20
11
13
36
36
10
10
88
51
13
43
28
19
122
47
27
9
11
50
20
45
16
17
18
31
33
34
38
30
33
6
23
22
20
20
17
17
28
21
20
14
41
18
45
14
26
16
9
31
25
23
34
18
19
4
23
27
18
16
22
27
13
28
33
30
40
14
22
46
12
44
32
12
17
33
45
21
14
37
24
27
25
29
41
39
23
27
20
33
14
21
17
21
38
18
19
19
37
32
53
39
36
31
26
38
83
17
19
17
19
28
24
16
10
14
46
19
31
48
41
34
47
94
19
51
57
28
29
21
38
41
16
6
13
62
38
55
42
39
27
19
19
44
101
125
26
27
49
40
15
15
11
85
58
108
86
87
48
35
41
45
33
27
21
52
5
22
52
19
8
58
11
12
64
36
17
11
53
26
31
33
58
9
18
54
6
55
20
58
35
30
15
35
33
26
23
44
27
22
35
30
38
24
10
23
61
73
20
27
16
48
27
33
57
16
45
46
34
44
67
84
62
34
32
50
39
18
24
49
44
51
39
30
14
37
58
74
34
19
16
30
38
9
10
23
19
33
38
38
65
43
60
65
28
37
40
65
16
18
19
24
41
66
37
53
25
41
26
41
54
24
40
15
55
28
10
23
23
45
15
7
17
32
44
55
9
51
44
27
55
34
22
50
40
32
32
28
31
22
25
13
20
33
15
39
18
18
24
18
15
37
42
38
62
62
54
54
32
52
9
43
36
19
23
51
31
59
40
42
41
44
55
26
59
34
13
73
58
25
37
47
57
73
12
47
26
10
27
16
48
23
40
20
42
18
16
20
19
19
19
30
19
52
31
18
17
28
51
8
11
45
49
33
17
33
29
23
25
16
12
13
18
13
20
18
21
16
12
35
12
55
12
61
40
36
114
91
15
8
33
29
11
12
51
38
16
38
15
41
32
33
28
52
69
74
67
74
49
66
8
61
17
12
34
38
110
21
42
86
20
25
19
23
28
17
39
44
7
26
39
63
65
80
17
25
27
22
28
18
61
66
25
75
22
46
33
45
59
48
40
48
25
30
85
51
58
30
84
38
59
44
42
45
16
65
62
52
60
78
81
65
81
14
18
14
45
40
40
25
11
47
30
22
23
23
35
27
19
44
20
49
47
25
40
16
24
24
34
18
70
19
24
65
106
11
54
18
71
9
13
60
52
32
21
37
18
76
88
19
18
19
28
69
67
61
62
22
11
11
43
26
19
26
17
35
18
12
30
39
148
21
25
18
41
39
13
20
16
42
32
23
17
11
139
14
15
23
48
59
12
28
98
33
20
10
46
10
30
13
4
24
23
29
46
38
21
42
30
26
58
90
18
25
9
26
26
32
24
17
64
11
13
15
29
34
17
27
17
32
64
42
58
54
19
33
53
19
40
34
48
44
35
37
26
50
31
88
50
36
20
55
33
32
59
35
28
60
21
149
118
12
19
26
26
29
87
70
169
128
60
148
42
84
152
22
38
30
10
23
28
31
26
137
112
54
20
30
65
24
20
26
19
34
29
10
15
15
23
40
46
52
30
34
34
41
34
37
33
23
32
29
22
22
34
18
63
59
31
41
38
46
60
22
38
27
85
24
28
20
33
18
29
19
28
32
138
30
71
16
13
15
97
26
16
22
45
47
52
16
58
97
78
84
18
26
28
18
24
17
34
16
21
15
41
100
31
27
37
18
24
18
14
13
22
34
37
25
59
27
19
32
36
25
19
10
10
29
19
7
18
22
19
23
44
60
14
53
38
27
21
14
24
26
37
32
27
27
35
57
19
33
51
31
9
26
32
39
23
14
17
22
32
19
11
19
60
44
19
18
28
35
32
9
40
13
5
33
5
30
78
43
15
11
9
70
66
17
17
16
27
22
21
17
13
44
27
44
27
41
31
32
37
26
54
71
80
65
16
16
20
23
20
33
25
28
18
11
13
13
18
15
22
23
21
26
37
33
34
54
28
46
47
29
51
29
31
47
44
55
4
27
30
19
16
28
29
34
29
20
33
13
10
9
11
14
13
12
16
19
48
29
9
21
9
10
24
12
40
21
11
16
26
11
10
13
31
9
20
22
10
5
18
20
18
23
16
55
20
20
26
18
24
5
10
32
30
20
11
18
24
22
24
16
24
46
27
18
9
31
29
41
12
15
6
14
14
35
15
31
9
7
12
7
13
10
86
41
8
20
22
11
6
16
26
23
12
12
21
17
28
35
28
8
9
13
19
8
11
30
30
24
16
27
16
31
27
16
15
15
19
11
18
29
36
29
28
33
31
15
13
23
18
7
9
19
19
14
19
14
18
25
16
17
32
55
22
24
24
18
20
14
22
19
47
25
17
22
18
21
13
6
20
14
13
74
30
19
15
8
24
5
29
23
23
22
25
45
22
30
26
22
25
34
21
14
27
23
16
17
19
19
19
7
17
24
22
10
18
9
15
12
11
21
17
27
24
23
59
58
59
64
17
19
12
12
15
42
13
6
12
12
18
18
12
20
21
17
9
19
23
16
9
12
8
18
8
11
21
12
19
5
6
5
29
28
25
22
29
26
26
35
30
48
23
10
31
5
19
22
26
20
26
23
21
19
5
38
12
33
9
45
20
43
38
26
29
24
21
7
21
22
11
19
13
14
12
21
18
10
12
18
58
41
27
5
9
12
14
18
18
18
23
21
22
15
20
20
17
15
15
13
14
30
22
7
8
7
30
17
12
16
33
15
7
25
10
13
10
27
13
15
16
15
13
11
32
39
15
15
44
25
20
28
15
20
33
27
25
13
34
19
29
33
21
31
23
39
29
30
34
19
33
17
31
19
23
19
7
18
17
28
18
21
25
17
60
22
10
19
27
75
125
78
70
14
77
23
23
20
12
42
11
14
25
36
14
21
19
40
27
16
13
18
27
40
15
19
14
26
21
60
23
11
34
15
21
30
48
11
18
26
9
10
11
19
25
72
15
9
22
19
17
23
31
28
35
34
29
32
25
21
14
45
14
11
26
37
7
62
12
34
18
20
23
31
27
23
19
17
23
22
23
53
16
11
14
30
43
42
26
27
24
25
9
20
18
19
14
80
12
23
34
26
28
28
13
7
11
22
28
8
32
20
21
33
26
49
62
37
10
15
37
16
15
37
41
49
49
28
47
40
56
42
36
28
56
44
42
28
28
62
40
61
26
25
27
36
37
22
22
26
23
29
28
45
24
29
19
44
27
23
14
19
14
16
44
14
13
21
17
16
53
45
45
29
21
16
34
33
24
30
15
20
33
24
39
5
17
18
18
20
16
14
21
11
35
28
16
19
13
12
58
36
16
16
18
19
21
23
30
42
65
71
50
60
56
57
40
22
62
99
10
19
49
23
57
26
27
21
29
32
22
25
18
29
27
24
24
37
9
43
48
15
29
42
11
10
30
31
36
46
32
20
27
21
11
15
27
46
23
29
8
10
11
9
37
24
41
15
13
51
12
11
7
20
56
23
13
50
16
42
7
50
15
16
13
16
13
15
19
21
18
30
34
51
21
12
12
36
33
32
41
35
41
23
20
25
59
61
26
21
22
45
11
28
48
53
21
24
17
24
95
26
8
29
19
25
27
19
24
67
38
52
66
45
51
58
85
69
74
100
71
39
71
53
13
41
43
36
33
25
17
50
73
19
26
15
16
21
54
14
18
15
12
19
40
35
7
10
61
31
15
16
23
64
64
69
39
66
33
54
22
32
11
20
31
21
43
36
20
21
42
62
24
26
27
47
11
18
12
16
14
18
19
57
22
17
37
110
41
97
66
80
24
43
21
19
35
41
10
24
20
14
19
18
24
8
27
24
46
28
51
16
31
30
36
35
40
54
50
45
70
31
35
25
30
6
16
15
25
51
71
18
37
17
14
57
66
57
7
71
132
102
15
12
24
21
23
23
44
10
12
13
16
32
19
29
25
23
25
31
32
18
30
36
17
47
36
25