4
18
23
17
17
6
6
4
6
5
6
19
23
7
10
47
52
98
74
72
87
81
74
75
72
71
73
85
78
80
81
68
33
78
70
67
65
28
13
30
47
104
103
103
20
41
35
25
48
61
75
110
118
115
56
98
93
84
60
64
88
25
64
66
62
11
30
35
35
34
31
30
30
32
31
32
35
36
36
34
31
27
30
30
30
30
30
29
31
51
30
30
27
29
56
33
32
31
19
14
46
30
31
33
37
30
25
24
84
62
57
83
71
43
44
72
72
70
64
72
53
51
56
68
17
13
73
7
40
65
72
62
61
51
57
59
50
57
58
17
14
12
9
28
26
26
23
13
11
18
19
15
16
18
97
42
45
50
51
46
53
81
70
64
64
62
92
84
87
60
59
84
82
19
34
28
14
12
75
65
61
50
53
43
45
63
59
55
49
48
14
42
28
32
31
46
43
37
27
39
36
38
39
34
41
35
37
37
32
34
25
26
39
25
37
29
30
48
72
27
78
48
42
34
37
40
34
39
64
58
49
59
51
60
47
66
30
39
80
59
53
55
80
62
40
37
56
60
51
50
52
43
43
44
37
34
35
33
34
38
42
35
41
44
47
30
41
39
39
46
34
41
41
52
37
35
68
56
53
48
54
25
76
50
40
44
41
56
65
52
65
49
63
77
69
52
49
55
43
58
51
38
55
47
49
40
52
51
48
55
44
52
69
67
68
70
53
52
53
78
23
31
32
53
30
20
43
55
31
22
2
115
106
91
94
63
51
53
57
81
59
103
49
103
99
46
102
62
63
68
54
83
72
64
73
53
61
58
50
72
78
81
67
44
48
48
53
56
55
43
70
66
43
49
46
97
76
75
75
80
69
37
52
99
51
41
61
50
71
60
52
44
59
44
61
40
45
48
49
90
67
55
51
62
82
80
71
54
45
47
47
79
87
79
95
68
39
42
101
95
106
76
70
38
73
72
83
64
66
59
64
75
103
72
26
29
17
31
22
23
35
31
59
24
29
32
42
41
35
34
38
40
35
32
36
35
34
37
36
37
34
36
34
35
32
33
40
32
36
36
35
32
32
30
33
31
35
18
37
38
34
31
30
75
29
25
32
21
23
26
20
35
18
16
10
7
11
11
13
19
14
17
7
44
14
21
22
21
29
28
30
33
29
20
32
17
38
31
15
18
14
13
18
17
35
36
41
37
30
29
29
33
22
18
29
19
26
25
25
25
24
14
21
16
50
20
9
28
32
8
59
22
22
43
18
20
22
20
45
24
25
26
20
25
53
28
17
19
17
20
18
18
63
24
26
24
21
24
67
72
60
82
31
24
52
55
44
28
25
29
24
19
17
18
39
20
30
18
23
26
33
62
54
35
15
47
28
21
19
19
19
37
31
29
25
32
29
25
29
40
34
34
38
35
20
20
17
28
23
20
31
27
22
20
27
18
12
25
19
21
21
21
7
28
18
26
20
27
19
22
25
46
29
22
17
16
25
23
45
46
36
34
34
36
34
39
25
33
25
28
35
11
18
16
24
17
20
30
37
33
9
8
31
10
9
2
46
36
8
51
23
28
24
21
18
17
12
11
14
26
42
39
37
16
20
20
18
26
25
24
22
16
16
25
29
38
38
16
14
14
16
15
18
16
24
14
10
16
36
43
25
34
41
37
27
25
30
17
35
29
32
17
24
19
20
14
17
13
16
15
14
18
22
24
19
44
25
18
24
46
40
42
61
30
31
12
15
46
48
28
30
20
33
24
13
16
31
28
29
27
29
30
23
9
19
9
29
39
33
28
29
22
24
26
21
20
22
19
16
57
40
12
60
69
61
55
15
16
15
32
34
33
35
33
45
38
38
39
12
16
17
19
15
14
13
20
15
18
20
20
23
22
15
14
15
10
12
12
12
14
15
12
10
14
14
13
8
8
14
15
16
15
14
17
14
12
13
11
11
12
11
18
13
13
12
11
49
14
13
16
13
8
8
8
8
8
8
51
27
35
39
20
21
45
50
46
43
44
46
21
111
77
18
30
29
41
39
35
104
78
49
44
40
48
76
43
55
52
36
50
51
29
43
37
44
38
37
46
40
38
43
51
44
44
41
45
46
39
40
40
47
47
41
44
50
42
29
27
44
46
29
51
71
49
72
42
50
44
48
68
39
41
41
35
47
31
40
53
43
41
42
37
48
32
33
51
45
45
40
32
45
34
44
26
28
35
39
31
53
33
38
35
47
31
31
31
30
29
35
45
66
60
33
37
39
34
39
34
44
42
45
46
44
43
40
45
52
41
46
42
37
38
41
35
34
33
47
34
30
53
45
45
41
45
39
64
41
39
34
53
48
51
61
56
54
24
49
45
35
29
37
43
38
37
28
43
53
44
51
48
53
53
54
39
49
45
36
29
44
42
56
27
30
38
34
47
43
39
45
38
34
45
39
30
29
37
34
24
71
50
45
45
47
46
33
33
50
40
26
46
40
37
37
39
32
38
33
35
34
39
37
34
35
33
31
32
32
31
33
33
38
40
38
38
34
38
35
41
37
38
37
38
38
37
37
20
17
40
61
20
46
27
37
36
39
35
79
69
33
21
34
40
47
34
36
36
33
35
21
39
40
22
40
39
38
21
36
40
37
39
18
36
21
32
36
28
28
13
34
29
31
28
29
23
54
25
53
23
23
28
31
30
38
22
52
39
29
16
26
32
43
41
29
38
18
21
22
49
49
21
21
39
21
48
64
42
66
27
40
33
45
41
26
53
30
39
46
33
18
22
41
17
24
17
43
27
12
14
31
22
15
40
29
23
23
25
27
19
50
38
32
39
36
33
33
32
25
9
55
69
12
14
36
26
45
26
25
19
36
17
25
43
33
25
24
23
24
23
19
20
18
25
30
36
26
17
26
28
16
21
31
35
48
30
39
34
36
10
10
26
34
5
44
17
54
29
20
28
24
30
29
30
12
29
23
24
18
15
11
50
26
26
30
10
43
22
20
21
17
16
17
25
11
11
40
55
58
65
52
36
52
11
15
28
31
31
23
51
34
37
35
32
35
30
23
32
21
29
28
18
14
9
13
10
46
37
40
33
21
24
27
27
20
24
35
20
26
19
23
33
41
34
38
21
38
33
12
22
14
35
31
15
18
33
27
18
31
29
29
35
41
26
27
13
29
19
56
44
45
39
32
39
48
41
36
32
37
41
37
36
12
18
17
25
23
23
19
24
20
20
39
39
46
43
38
20
31
44
48
24
65
56
55
72
14
27
39
23
42
29
25
23
25
20
31
24
23
19
19
20
27
22
22
27
44
39
16
24
25
46
11
16
32
27
31
28
27
24
32
30
28
35
28
12
33
38
41
12
11
10
11
21
26
25
27
23
32
23
14
25
14
37
37
43
45
41
42
41
31
37
31
31
38
14
24
23
29
26
26
43
45
49
69
55
36
39
51
48
41
38
45
57
45
37
24
53
43
36
37
36
34
43
41
31
31
38
33
37
37
35
33
29
33
35
40
35
36
52
42
45
41
39
34
38
42
35
32
38
42
41
43
28
22
23
31
50
33
28
19
22
27
26
27
39
44
19
41
42
44
44
43
31
42
41
43
43
62
64
70
52
51
46
44
39
38
39
35
34
47
54
50
65
63
42
69
54
44
47
54
49
50
50
49
52
50
71
54
41
41
43
44
44
41
57
47
44
39
43
45
41
37
43
39
40
55
52
49
37
50
48
48
17
44
52
52
53
55
54
51
64
46
33
39
37
34
39
31
34
34
33
31
52
49
36
35
43
37
26
27
27
28
27
25
29
39
37
40
39
43
46
29
23
19
49
25
45
73
65
66
62
77
71
73
54
56
74
69
18
22
22
22
22
16
16
33
30
31
46
40
44
34
40
43
18
21
58
53
66
59
44
47
45
44
45
40
35
21
35
25
40
33
29
35
34
26
27
34
33
33
29
35
33
36
35
36
30
37
35
34
40
36
37
38
30
35
29
36
36
34
35
30
30
32
33
42
38
35
37
39
40
36
38
35
33
41
51
32
38
39
42
37
34
37
38
33
35
84
64
62
22
38
40
49
40
47
32
39
43
21
24
19
12
12
10
9
13
12
19
16
17
19
28
27
26
60
30
57
21
16
43
32
38
32
26
49
51
23
20
24
31
38
9
31
31
34
31
45
23
36
17
23
29
39
31
16
46
45
51
49
60
58
63
62
43
35
31
17
14
10
12
57
27
34
37
35
52
46
41
39
44
34
35
34
34
40
45
41
35
33
40
45
39
36
33
53
50
40
39
41
47
53
16
54
37
35
37
35
33
35
39
31
31
37
39
34
28
33
29
38
25
42
39
33
32
30
28
33
35
36
26
31
30
31
38
29
31
29
29
34
35
34
28
32
24
26
30
24
26
21
39
41
35
38
37
32
36
35
33
28
22
32
30
25
24
34
21
41
22
45
39
36
31
44
48
48
41
48
44
38
45
33
55
34
49
43
39
43
37
49
36
39
36
47
43
43
40
51
38
40
41
37
31
42
22
43
35
34
40
43
38
35
31
19
29
29
27
24
22
30
29
33
21
41
33
33
35
27
32
31
34
25
30
41
50
52
33
35
40
27
19
24
91
24
23
22
24
24
23
24
24
24
25
26
24
22
35
31
33
35
29
31
44
33
36
38
50
39
79
32
37
44
44
44
47
48
37
36
29
30
41
41
34
31
37
35
38
37
46
47
50
39
41
38
37
39
19
52
31
53
34
44
25
28
29
31
38
52
91
56
49
25
38
136
30
41
30
32
25
26
27
22
25
23
23
24
21
27
28
37
31
23
30
21
15
47
35
22
44
48
38
42
35
34
28
32
31
32
33
27
29
34
56
47
50
35
21
36
30
33
45
46
37
28
10
40
70
18
26
19
21
18
21
37
11
42
45
43
46
15
21
25
31
27
25
30
25
26
22
21
19
20
34
22
8
23
31
26
16
29
31
38
50
32
32
19
66
30
54
22
31
36
48
40
41
27
31
32
27
41
22
18
26
61
17
59
31
35
29
30
42
23
27
42
48
44
29
15
21
30
41
63
31
25
23
35
33
34
20
49
11
48
45
51
45
37
39
30
35
30
17
17
16
10
10
13
20
12
19
24
41
33
25
70
30
69
54
54
53
53
54
84
40
44
43
30
35
34
62
27
23
24
24
25
24
24
24
23
18
17
18
19
17
13
13
32
11
22
29
20
20
19
24
22
24
25
24
51
51
48
41
36
36
70
37
28
23
24
23
23
20
25
18
30
22
20
39
40
35
14
24
28
18
16
13
27
26
22
21
20
22
24
25
30
51
56
43
40
17
33
27
24
29
33
36
30
28
18
32
29
61
55
15
20
30
27
22
28
21
28
19
32
17
16
27
13
14
15
15
13
21
16
14
14
12
12
12
12
9
14
13
11
11
12
12
14
16
25
11
42
17
13
16
53
34
27
31
29
46
38
44
22
22
29
52
16
24
18
18
17
17
36
29
17
18
25
9
11
12
16
15
14
13
44
42
50
33
37
56
50
33
37
31
27
48
18
36
51
48
42
50
52
74
55
96
84
51
53
52
47
41
54
46
47
60
50
50
62
54
52
59
85
79
67
59
75
71
68
90
48
46
56
53
58
43
58
40
43
48
70
48
48
52
60
57
57
45
46
60
29
52
20
19
19
63
47
63
70
58
63
55
55
30
28
28
32
33
25
28
30
28
29
24
27
24
23
50
35
21
52
56
59
31
39
35
32
46
42
36
38
49
49
40
17
15
24
35
42
50
47
44
13
20
13
83
11
38
34
30
18
47
36
30
33
34
17
15
26
29
23
26
27
23
29
28
26
28
25
24
30
26
33
21
34
26
31
26
31
33
30
26
29
34
25
24
25
26
23
32
25
32
33
21
27
23
19
20
25
23
18
35
34
49
17
31
20
20
19
19
44
19
87
83
81
66
55
50
68
56
59
60
56
71
61
55
57
48
51
49
62
51
61
49
48
50
50
53
55
55
54
63
70
65
24
34
41
54
52
46
38
35
39
53
67
43
36
24
52
43
40
44
42
34
32
55
40
45
49
30
71
59
37
27
28
29
41
34
52
36
57
24
19
50
22
28
27
20
20
25
25
36
28
19
27
38
32
29
26
29
26
27
41
62
49
36
32
36
41
37
35
27
38
36
36
34
37
36
50
36
36
36
38
61
13
11
96
28
72
23
26
35
56
29
33
35
66
56
64
110
55
64
73
68
40
55
38
37
48
51
42
78
58
60
59
30
30
30
26
35
44
43
76
87
71
65
58
61
74
60
101
56
37
34
69
41
40
53
68
56
55
47
68
44
36
50
52
63
60
64
71
29
29
43
44
50
62
57
51
45
43
37
47
40
40
49
35
49
49
54
58
58
57
53
42
32
65
28
31
25
30
38
62
36
33
67
18
16
23
10
8
10
42
33
28
53
28
32
26
25
122
70
35
77
44
71
64
74
74
64
54
71
45
38
66
64
64
60
59
62
66
57
40
48
56
36
53
89
53
68
56
90
60
102
62
54
53
60
83
48
52
58
58
59
54
66
49
55
45
42
44
40
38
51
48
40
46
37
35
34
38
35
53
52
54
49
55
29
35
34
38
34
28
31
33
43
41
36
39
31
26
28
57
52
46
44
42
55
43
47
35
49
43
37
37
37
42
37
39
43
35
45
39
35
32
21
18
19
20
25
19
15
25
24
36
23
25
23
28
25
32
19
23
26
26
21
27
27
30
32
24
35
34
29
36
26
36
27
56
97
111
66
41
22
75
73
88
75
66
25
32
52
83
82
81
22
10
46
17
13
21
16
4
11
8
31
15
42
48
47
40
34
26
32
24
22
35
29
28
21
12
11
41
41
39
39
50
17
29
21
27
18
15
13
20
20
18
24
16
54
16
24
20
20
17
18
66
10
15
36
28
25
14
54
53
22
19
33
25
20
28
25
55
24
22
39
0
26
21
27
19
22
33
37
37
29
17
30
26
29
33
25
22
19
24
26
27
43
23
21
56
28
32
30
21
26
34
27
28
23
23
21
22
21
19
22
20
23
15
19
31
13
19
11
9
10
17
11
16
11
13
9
9
10
10
11
10
15
18
17
13
10
18
15
14
9
10
10
12
14
13
10
20
20
15
10
25
30
27
27
29
26
44
28
20
40
17
21
41
14
63
24
27
37
35
29
38
20
18
8
12
6
10
9
17
8
14
17
14
18
26
30
24
23
25
13
37
30
33
17
17
12
29
28
36
34
34
25
34
23
25
34
41
65
34
25
78
48
30
27
30
29
38
25
24
21
17
25
24
18
25
20
37
22
22
23
18
12
40
47
34
69
24
27
60
20
20
21
23
29
28
31
31
36
69
77
103
62
28
66
28
35
12
13
48
72
67
51
48
40
36
35
23
26
25
24
21
23
21
24
19
20
27
30
21
24
20
24
18
23
19
19
18
22
25
28
11
13
24
26
24
21
38
45
41
25
28
27
31
21
36
45
41
43
33
46
62
38
43
90
25
29
18
12
12
17
17
73
41
61
63
23
36
33
31
34
30
35
77
64
41
44
77
57
67
60
39
34
38
38
50
47
56
15
23
14
18
8
19
9
16
12
19
11
15
10
14
9
12
16
13
18
9
15
14
11
10
12
16
10
9
11
18
9
11
9
13
11
11
8
8
17
12
12
7
17
7
13
9
15
10
8
7
15
7
7
7
7
7
14
8
22
6
7
6
18
6
6
7
8
6
15
14
8
16
9
15
6
7
6
13
21
12
7
10
9
15
11
20
77
62
37
32
32
36
11
13
9
9
11
15
20
13
50
38
19
20
37
19
18
24
30
38
39
35
33
21
19
18
18
15
16
21
25
18
23
18
19
15
16
15
16
15
13
15
13
13
14
13
14
17
15
14
15
16
17
15
15
14
13
12
13
13
15
57
40
37
67
50
56
57
42
93
82
74
86
70
60
43
56
31
26
60
28
10
39
18
88
25
60
59
30
25
23
55
44
104
33
35
62
76
57
62
35
37
64
41
66
36
39
44
47
39
39
30
29
50
32
25
47
30
29
28
20
49
38
38
27
38
34
61
59
48
38
50
40
65
32
35
30
44
46
53
64
39
32
50
43
53
35
43
57
41
54
46
40
43
51
45
35
37
59
38
60
30
38
37
32
72
21
42
35
33
22
23
24
27
18
20
23
15
21
20
18
28
17
21
20
20
23
16
19
22
17
22
21
21
23
19
17
21
18
23
19
17
21
22
21
21
16
16
23
17
26
18
20
62
48
39
33
24
73
63
27
22
30
25
50
71
65
46
56
40
47
65
24
37
36
41
31
28
27
23
19
15
28
47
53
56
28
39
39
39
37
50
35
38
15
18
10
37
22
14
41
13
38
18
15
14
15
16
17
17
35
33
8
29
16
19
14
23
10
11
13
14
45
42
42
43
47
42
51
48
40
37
43
33
41
37
23
36
37
22
17
16
9
14
22
8
18
15
19
15
17
15
22
38
20
17
25
35
19
18
28
20
22
25
17
22
29
26
27
15
16
25
29
44
23
68
30
42
35
30
43
48
47
39
31
43
31
54
42
45
10
21
20
22
17
23
16
24
22
13
22
26
24
28
31
25
47
12
24
23
22
29
20
17
29
24
26
31
32
9
21
9
19
13
17
25
23
31
25
43
27
27
15
14
17
23
17
18
18
25
26
11
27
46
34
41
34
21
26
21
60
75
25
61
27
23
25
28
23
29
37
28
31
15
23
20
24
32
24
33
20
33
21
29
19
24
21
27
23
24
75
37
41
29
18
30
23
33
20
24
24
21
50
57
55
43
43
48
46
60
47
35
25
29
96
47
40
73
46
40
42
43
105
65
81
40
36
44
44
39
36
40
40
43
35
38
38
41
38
39
44
41
41
33
41
40
102
109
82
33
44
47
42
19
75
62
80
112
26
25
20
40
41
28
39
73
51
35
26
26
36
37
38
54
26
22
23
24
26
27
24
32
27
26
27
32
27
32
30
32
32
29
29
32
28
30
36
39
37
39
30
34
40
36
17
21
21
44
24
29
29
82
47
65
29
34
30
33
16
7
27
37
16
34
18
34
12
12
25
38
15
28
26
44
44
3
31
48
15
35
34
9
13
33
17
17
43
47
50
44
54
49
48
29
35
48
32
30
34
38
26
34
29
33
33
39
39
24
28
33
33
40
35
34
37
40
40
34
34
52
46
10
32
25
24
48
11
15
21
11
41
6
21
40
23
17
11
9
8
15
24
36
36
37
45
37
21
24
31
27
15
8
18
12
13
24
32
28
30
15
45
33
42
43
14
14
14
17
16
13
39
18
24
24
28
57
24
14
21
21
26
58
50
48
55
23
22
17
51
21
19
20
21
21
24
22
16
31
32
17
27
29
19
23
25
27
32
33
23
23
24
25
18
20
30
36
38
36
25
31
41
23
37
34
34
25
30
34
32
49
39
43
51
45
34
34
11
15
32
26
25
21
18
18
70
71
72
20
25
25
30
27
29
35
24
21
18
18
19
16
17
15
46
38
8
13
31
12
17
26
38
25
20
13
9
14
55
21
53
59
59
28
25
26
21
31
20
21
19
22
42
12
38
27
39
42
45
35
31
7
8
8
12
45
20
36
39
43
45
48
44
51
46
43
45
45
41
51
41
32
23
17
30
18
24
18
17
20
21
19
47
54
16
14
13
16
51
43
45
45
47
49
48
45
55
46
48
48
44
53
62
50
52
57
55
60
48
33
48
44
58
59
53
51
56
52
59
52
56
47
49
55
57
63
52
58
53
51
57
52
44
43
44
50
24
18
15
18
14
15
14
20
6
16
7
12
4
21
6
11
11
9
16
17
5
6
4
4
4
12
22
13
19
15
17
9
25
13
22
7
17
15
18
10
11
13
12
5
9
12
12
12
10
8
8
8
10
10
10
9
10
12
13
13
12
15
14
8
12
16
14
6
13
12
13
12