2
2
23
15
15
25
8
19
20
27
29
45
6
15
57
33
46
33
18
25
15
17
11
27
34
22
97
15
79
56
18
29
30
44
31
44
38
75
54
29
39
7
1
56
24
25
78
86
18
24
22
22
39
5
12
9
32
27
35
24
25
27
51
11
160
11
64
64
11
28
67
23
40
41
36
14
24
5
50
38
88
85
78
47
8
11
77
48
10
91
31
27
26
29
23
31
32
32
26
23
44
49
45
35
75
20
21
61
8
8
62
9
30
32
29
26
14
43
21
11
8
10
23
19
18
19
8
10
24
9
8
16
77
49
26
6
51
10
16
16
71
48
36
38
19
45
17
93
26
105
93
14
14
56
5
49
43
91
84
84
42
43
21
19
16
17
39
9
6
8
15
3
13
5
54
31
83
14
12
72
60
66
16
69
14
10
11
106
71
15
16
78
13
11
11
36
38
7
7
25
14
10
16
63
79
30
27
27
24
8
17
15
43
7
7
8
84
63
49
37
97
21
98
92
92
89
87
85
92
24
32
20
17
17
15
17
18
16
23
18
9
8
85
81
70
67
17
87
73
76
116
26
14
23
102
100
49
91
117
12
8
66
98
46
13
29
22
31
27
22
19
26
12
18
41
32
77
89
42
33
24
76
12
31
23
36
40
31
29
94
22
Dokumen Lain Tanggal Kirim [adendumn-II.pdf] 23 April 2016 20:28
47
38
39
88
101
17
16
16
62
42
16
11
5
48
12
56
18
13
12
35
37
19
18
112
15
109
91
82
85
86
134
99
106
101
76
60
38
40
84
17
26
58
8
36
15
14
68
21
157
13
13
15
73
16
16
8
16
12
10
72
76
32
45
15
19
8
5
8
7
9
88
10
17
21
13
13
16
35
21
19
20
18
14
47
23
24
74
6
20
15
93
74
15
68
21
22
41
18
20
19
14
19
40
15
61
35
0
14
110
73
87
30
85
62
157
54
38
32
14
17
13
11
17
31
29
23
134
15
15
46
6
13
13
12
15
67
11
26
28
26
35
53
71
142
37
36
28
25
20
78
155
18
29
21
7
23
15
66
13
20
22
54
43
12
9
19
26
11
26
20
23
5
7
10
7
7
11
20
132
61
19
18
17
15
16
13
106
93
10
28
12
11
11
9
8
13
14
15
14
22
14
26
48
53
30
45
50
13
17
14
14
16
24
6
11
16
35
44
147
46
54
55
22
20
21
19
24
23
28
119
32
24
15
22
16
16
20
19
16
39
15
14
28
15
15
27
14
23
12
22
21
18
33
12
28
11
24
8
24
15
15
12
14
15
10
36
30
28
1
17
37
20
65
43
12
11
46
44
5
9
71
29
37
30
31
28
11
9
45
29
5
5
6
13
23
20
24
27
17
8
54
43
50
18
86
31
17
22
12
30
30
38
34
57
32
9
12
20
42
34
27
26
27
13
36
38
69
43
31
70
24
40
41
21
54
9
21
20
43
20
39
46
39
48
24
34
18
17
17
55
42
57
39
16
15
76
37
19
15
10
7
11
13
16
40
41
12
43
57
51
29
27
25
49
33
34
9
35
12
14
4
106
6
39
17
17
39
44
28
11
13
35
32
34
36
73
18
10
28
57
6
26
26
7
69
54
35
44
21
21
8
47
33
72
55
11
7
4
5
22
40
39
26
29
11
11
19
53
9
9
56
55
25
17
29
42
22
21
35
34
12
14
13
15
24
21
10
61
25
25
25
103
15
14
78
13
57
7
9
50
11
12
10
10
14
46
69
50
47
61
15
18
27
26
11
25
12
12
17
19
17
22
18
17
17
14
18
16
16
9
7
48
65
11
58
50
32
29
64
10
28
30
25
16
13
66
63
17
22
19
21
21
11
5
10
65
9
40
57
14
34
16
29
54
27
49
48
46
71
8
70
7
34
15
73
53
46
15
22
16
10
17
7
53
7
59
17
14
11
65
50
29
30
49
28
49
39
41
42
41
47
7
7
67
67
17
61
22
10
47
32
12
24
36
10
9
37
8
51
11
15
11
14
11
33
22
44
60
163
81
67
58
71
5
42
9
78
45
17
26
11
19
19
20
43
15
11
22
22
19
23
20
21
20
20
6
23
22
97
19
16
61
51
27
26
74
63
10
9
30
8
15
20
14
90
9
12
9
46
25
23
50
62
74
62
11
94
29
47
17
59
17
56
55
46
38
34
35
41
45
14
16
21
12
51
52
91
29
11
42
120
43
39
16
13
12
8
49
46
43
40
47
14
6
7
10
27
29
35
27
53
28
15
33
69
13
22
28
24
11
31
24
60
39
96
47
20
23
10
51
123
42
39
74
66
68
68
75
70
68
25
34
28
45
47
23
21
13
45
69
11
45
61
9
9
11
6
7
71
14
38
33
42
40
39
54
61
53
146
22
20
19
19
9
71
12
11
27
54
30
40
11
8
21
25
26
79
15
67
26
73
67
94
94
101
13
76
19
81
81
47
58
9
7
43
22
22
12
44
16
17
14
9
63
42
67
13
10
19
15
44
22
17
21
10
47
68
20
28
17
18
4
12
13
14
57
58
42
11
14
7
16
9
23
23
16
18
22
23
9
76
10
8
12
34
38
43
14
61
48
56
56
61
60
9
71
25
16
72
66
40
107
7
6
121
15
8
20
22
10
40
31
17
12
44
48
13
15
24
11
20
11
13
11
16
30
43
41
36
36
36
16
34
36
9
18
8
28
13
13
16
16
17
16
32
16
6
22
24
27
50
87
31
49
24
24
22
22
22
22
22
15
29
17
123
117
18
17
13
25
13
19
25
22
19
27
15
23
41
26
20
14
13
11
27
26
20
17
41
48
10
13
9
13
25
12
6
26
11
31
49
9
41
8
32
10
13
14
5
9
4
10
18
41
21
21
14
10
13
15
8
17
6
45
43
38
35
30
30
29
27
29
25
61
49
47
42
47
47
49
11
44
11
5
46
43
45
37
8
9
20
13
12
14
13
32
23
27
29
11
11
64
34
22
46
11
47
41
30
13
8
29
41
6
31
22
28
20
27
9
28
26
10
30
9
43
12
39
58
10
12
14
7
25
12
17
25
39
7
13
12
12
15
27
29
25
28
25
25
26
25
26
34
35
61
37
6
16
18
19
24
23
10
15
18
24
40
44
29
16
37
32
34
36
25
15
13
17
15
52
17
45
32
8
8
23
21
16
6
35
42
12
20
35
59
14
36
46
71
86
8
31
31
73
40
17
22
30
14
23
27
18
27
16
8
5
28
8
12
26
10
14
47
11
7
20
25
36
12
78
6
43
20
16
24
45
38
32
8
11
15
10
13
26
17
68
38
31
29
49
42
31
29
27
36
12
19
39
7
10
63
53
49
49
50
53
60
58
54
55
56
54
51
51
47
49
50
46
52
24
7
19
7
32
11
43
9
10
17
21
41
9
32
26
10
39
45
13
13
14
26
16
20
12
15
15
10
18
15
14
16
13
15
16
11
14
14
52
41
33
21
15
16
19
43
47
30
23
15
9
28
24
56
31
49
19
19
18
12
25
50
21
58
13
24
9
10
28
46
10
50
46
48
43
43
44
57
37
33
39
11
40
54
13
13
12
64
70
43
59
76
34
71
28
16
17
18
19
7
65
34
58
43
62
49
73
21
9
47
46
50
23
16
21
5
14
32
15
37
13
21
42
14
15
47
37
84
7
7
6
4
9
9
8
14
51
14
44
42
44
17
16
15
9
36
18
10
66
18
50
76
4
62
4
15
33
20
12
16
28
16
12
16
27
20
23
47
80
23
50
75
20
38
13
27
11
45
13
68
14
5
24
81
23
10
11
10
8
8
46
9
5
14
12
3
14
22
13
33
14
12
56
12
16
7
11
9
54
33
41
15
15
10
35
21
74
18
60
12
35
13
53
52
48
14
50
48
50
48
35
47
25
60
90
4
46
50
13
12
12
12
13
48
44
41
29
4
33
26
27
29
17
17
16
18
14
14
24
13
23
15
7
7
9
9
8
9
9
8
13
7
22
21
18
18
19
36
15
18
10
69
24
7
64
13
19
14
20
15
14
17
16
8
14
13
17
12
5
7
8
7
10
12
13
10
23
16
18
16
19
50
52
37
19
7
7
8
68
73
40
8
8
11
86
20
46
7
21
10
69
54
13
10
12
33
26
17
5
3
89
20
19
20
25
12
13
41
9
62
21
20
23
20
20
20
39
36
41
45
23
17
22
24
7
34
50
28
67
20
6
13
45
11
67
57
43
36
34
32
34
28
27
40
46
56
8
44
58
91
53
17
53
12
37
41
41
23
39
38
52
42
54
53
40
10
25
8
59
51
21
66
56
46
17
70
53
60
68
8
75
5
88
38
6
17
7
10
12
16
37
25
14
54
34
76
25
14
11
61
18
11
54
21
12
18
58
67
52
58
48
59
57
70
69
59
55
24
108
13
14
11
21
66
11
6
16
86
34
78
50
59
45
19
44
63
71
36
79
19
9
61
99
24
126
18
97
3
22
48
43
21
48
36
69
22
21
13
14
23
37
21
7
16
56
3
8
57
26
28
17
57
15
74
22
13
1
60
11
58
43
9
14
31
51
16
87
10
14
32
33
5
19
7
67
51
93
44
20
131
110
5
64
15
46
20
14
87
79
12
14
19
17
16
45
5
15
17
62
8
19
43
57
15
19
30
41
55
14
12
38
73
72
58
57
53
99
87
78
40
7
56
5
52
54
14
69
18
45
80
53
62
60
58
60
26
59
4
22
46
8
14
78
21
21
32
41
38
67
21
21
89
85
85
85
86
84
87
99
99
20
9
10
51
75
30
28
21
5
66
119
22
15
9
14
24
21
24
26
26
7
31
97
9
21
24
16
15
39
29
26
21
91
94
15
9
61
34
22
20
36
27
8
50
29
14
32
26
20
46
6
13
23
38
60
25
23
27
21
25
21
23
31
13
44
48
108
105
89
93
91
93
100
93
93
74
94
10
8
27
28
27
26
27
47
14
12
14
64
69
23
11
8
14
17
29
57
42
53
56
38
41
36
36
38
27
22
25
20
24
12
18
13
28
26
22
23
21
9
27
26
9
19
11
13
91
28
80
13
28
18
14
62
63
28
35
18
17
12
13
23
13
9
9
20
9
9
53
13
36
55
73
78
14
17
23
11
27
44
25
16
15
26
18
12
15
19
17
32
25
18
59
35
25
16
23
44
34
25
29
56
30
13
48
23
32
22
62
56
44
52
57
16
23
29
25
27
48
4
27
13
13
19
15
14
15
20
37
31
24
9
20
22
5
7
6
17
18
21
18
18
24
78
39
29
27
39
19
24
19
12
24
38
25
28
29
19
21
24
28
20
12
12
11
23
55
29
27
21
57
38
18
36
41
33
60
29
38
31
29
21
46
14
31
39
3
23
32
51
85
17
26
66
18
33
16
11
10
16
24
51
36
15
52
48
33
29
15
10
6
6
6
22
27
44
26
16
17
12
30
29
34
26
22
23
11
32
30
50
18
10
24
10
43
25
48
38
70
62
8
26
35
31
11
31
14
21
16
43
53
10
25
52
22
54
45
21
22
52
43
39
55
46
54
38
40
52
29
14
26
31
9
36
17
62
26
28
33
36
6
44
27
43
36
9
48
13
28
21
41
47
30
39
27
32
47
16
16
23
62
57
34
71
40
90
34
25
24
33
69
19
44
15
28
34
36
31
30
8
63
64
31
17
52
51
48
64
50
44
51
55
40
49
64
57
29
51
18
31
72
51
51
40
68
44
21
88
30
13
67
56
55
17
23
71
85
56
52
7
31
55
37
18
41
22
15
39
29
52
27
44
66
22
32
72
86
47
44
61
45
27
41
25
38
43
10
13
8
27
32
50
31
12
28
9
8
34
13
22
34
50
62
22
40
76
38
12
76
15
41
78
13
28
47
18
19
21
74
83
16
8
63
93
51
19
18
31
20
15
12
61
38
83
11
18
57
49
51
39
46
74
28
91
63
46
34
33
22
85
60
38
50
23
85
12
19
58
49
12
70
13
18
16
26
29
26
76
29
48
54
52
48
21
16
17
21
70
38
42
44
30
18
20
40
11
10
9
43
48
52
62
84
93
85
87
76
69
17
19
37
26
78
41
23
14
43
45
57
13
16
12
22
49
18
52
53
54
34
44
17
6
27
47
15
46
60
23
45
25
15
29
85
75
11
77
58
62
68
76
85
73
74
86
86
79
22
99
91
102
17
92
17
123
8
21
22
21
17
21
86
40
34
34
36
34
76
8
14
10
22
24
12
18
19
17
18
18
30
26
63
33
28
24
92
53
11
76
84
21
60
29
63
66
48
11
14
14
24
48
18
80
9
38
18
16
18
13
26
82
19
24
9
14
93
21
29
106
33
64
48
96
98
16
17
22
29
11
19
17
14
14
10
9
8
13
15
12
14
19
11
21
13
27
23
21
24
28
38
47
37
29
4
58
6
41
46
12
13
18
16
21
25
37
8
17
11
38
15
14
16
18
22
22
21
39
16
20
56
11
54
41
47
61
16
16
13
32
17
28
47
42
24
19
25
25
47
41
45
11
21
57
32
19
9
27
18
18
19
23
38
19
12
6
15
11
12
18
27
16
20
28
32
21
37
43
21
15
28
48
51
48
56
21
19
16
25
45
30
19
30
26
30
26
28
13
16
77
34
25
43
30
13
12
41
56
22
69
60
37
57
12
80
38
37
31
43
29
31
68
16
50
22
21
18
27
46
51
45
20
18
30
34
51
44
39
48
51
55
32
29
51
44
32
24
29
35
47
80
15
47
31
25
22
17
27
57
48
36
53
55
53
13
62
30
39
32
30
31
11
20
16
42
43
36
44
43
10
27
16
19
47
47
45
22
51
8
57
21
23
8
9
12
13
9
29
10
10
27
29
52
17
15
32
39
30
22
20
30
37
98
80
50
6
8
27
29
17
33
22
22
27
23
26
15
55
13
26
35
61
25
28
27
29
26
25
34
25
24
49
48
46
14
21
11
25
22
24
17
8
10
44
21
12
14
22
15
20
19
20
14
19
22
28
34
69
59
51
32
35
74
13
25
17
17
12
26
15
23
11
18
31
37
39
19
29
32
31
14
13
27
20
16
39
36
19
6
7
18
34
26
25
24
13
9
16
36
21
20
13
37
17
21
12
16
41
17
14
16
26
33
14
21
37
25
17
6
28
7
30
9
32
11
11
30
28
29
25
6
9
11
13
17
11
37
30
19
20
41
18
38
11
5
6
6
7
40
17
13
15
21
9
5
4
20
9
16
6
19
17
9
11
13
12
21
20
14
9
18
27
10
14
12
5
5
5
25
9
32
18
12
40
59
16
46
28
58
39
22
21
16
24
20
40
35
42
23
42
16
39
26
20
19
65
24
20
16
33
18
42
29
26
18
30
61
32
9
18
28
25
25
24
29
52
19
18
32
15
25
26
51
43
37
45
36
30
20
21
47
22
27
52
17
11
48
43
39
48
38
53
31
29
20
20
31
42
27
17
73
23
19
28
56
8
20
25
9
31
24
17
33
43
55
12
4
18
24
32
14
31
45
21
17
12
13
52
23
18
29
12
34
45
31
24
34
67
22
15
21
18
52
35
35
35
38
7
29
22
17
9
46
27
31
9
40
20
53
32
28
28
18
27
93
30
30
16
12
13
32
8
34
16
17
35
34
52
22
39
42
40
40
10
10
9
6
19
19
58
29
10
92
26
14
19
9
9
34
15
20
23
16
19
12
18
17
37
27
19
51
50
48
32
49
19
32
11
41
66
40
18
36
21
37
51
28
20
10
30
28
17
42
27
15
25
32
23
21
23
29
18
19
27
28
24
47
41
28
75
32
16
48
29
17
10
11
11
35
16
23
52
34
13
34
9
38
45
15
26
13
38
21
22
20
24
18
19
24
28
28
45
27
25
27
14
25
23
32
30
41
54
20
37
14
15
30
15
17
25
17
26
32
37
50
29
45
29
36
28
16
42
40
18
43
11
43
28
33
26
34
33
32
39
26
26
32
16
29
39
34
18
18
14
15
22
28
43
23
18
10
14
24
34
28
40
42
17
27
26
9
22
32
33
30
41
7
13
24
61
53
41
22
26
19
22
16
37
41
36
40
19
22
19
31
19
30
9
11
18
8
21
20
26
47
72
81
63
16
24
15
34
65
24
43
26
18
40
18
38
19
27
38
42
18
15
19
30
33
31
33
22
36
21
19
42
33
49
47
42
23
14
24
32
35
56
12
14
12
46
21
21
35
43
33
12
72
72
56
59
34
9
33
23
23
32
27
31
11
19
25
19
52
46
42
34
13
32
11
45
12
24
18
17
36
42
20
19
15
16
14
36
20
17
24
24
16
29
19
23
43
24
30
24
11
19
36
56
23
16
19
44
22
25
11
42
51
30
28
33
11
43
19
10
73
41
64
36
26
59
46
10
61
11
15
25
38
26
28
17
62
49
52
68
39
25
48
28
23
24
79
75
56
22
25
23
25
36
11
19
22
36
51
24
102
7
6
31
111
27
21
26
57
14
47
29
19
25
31
15
46
33
30
48
17
19
34
24
23
27
19
18
19
19
11
47
64
14
57
55
33
69
21
25
34
25
25
21
46
61
75
19
27
17
38
27
44
45
24
12
25
49
20
18
37
36
15
22
93
103
111
36
14
11
12
12
14
14
7
27
34
24
29
36
14
44
49
34
35
39
39
36
40
44
36
39
30
31
28
20
29
46
62
20
77
14
33
16
23
36
52
40
38
25
26
40
30
29
29
16
17
85
38
18
21
49
22
35
61
64
31
29
113
97
96
44
9
95
71
78
29
15
10
39
30
23
94
41
60
43
27
18
38
44
12
37
39
29
21
15
32
14
25
27
26
31
21
19
18
32
50
57
15
32
77
27
31
45
23
41
45
32
29
28
35
29
30
30
32
10
14
41
29
29
57
29
44
70
63
49
14
13
21
18
29
40
67
44
40
34
69
81
15
16
18
23
15
15
19
18
99
37
54
27
39
20
12
28
17
14
14
18
23
21
83
57
24
48
27
18
18
24
13
13
23
14
16
28
40
21
71
48
54
31
70
35
12
13
16
18
14
15
14
14
15
49
40
36
34
30
33
20
69
47
31
50
23
56
50
51
33
55
35
27
216
18
15
56
23
26
24
27
31
23
25
15
10
39
27
16
15
29
17
22
22
34
32
22
25
57
28
21
35
36
75
24
66
23
24
20
59
48
13
47
34
48
41
40
46
31
9
12
18
10
14
57
22
51
28
16
11
29
20
19
37
32
30
40
22
20
11
34
51
33
32
11
12
11
65
51
26
10
8
16
19
17
41
58
9
15
11
18
28
54
31
19
22
33
15
18
57
30
37
17
27
19
45
20
38
16
40
39
20
66
38
74
115
30
45
24
30
9
12
49
35
30
27
23
7
27
20
47
63
54
32
15
43
33
26
22
39
60
18
35
30
41
33
21
24
58
36
31
72
38
62
24
34
29
112
15
13
12
15
17
15
43
28
48
36
65
38
34
24
25
21
49
16
22
32
14
28
23
33
22
31
37
54
22
25
27
17
46
25
17
29
32
28
35
19
17
18
17
41
14
20
54
48
95
36
8
20
13
57
41
37
26
57
20
48
54
10
41
39
40
34
29
31
28
31
31
29
21
13
13
24
7
36
21
30
31
32
38
43
24
27
28
12
12
33
44
11
44
32
39
22
20
78
39
18
18
32
29
51
25
18
38
40
36
26
63
19
30
21
66
23
28
29
27
19
14
18
31
25
29
39
5
33
27
9
20
36
40
30
35
75
39
48
47
30
29
37
43
42
19
28
39
30
31
31
54
33
16
28
26
27
17
28
20
17
21
31
38
41
35
33
14
17
23
37
24
21
29
20
22
27
26
27
24
26
25
19
17
41
27
34
25
23
26
25
25
54
23
28
25
23
31
30
28
31
25
10
24
17
34
49
7
12
56
22
32
41
35
34
21
17
27
12
14
21
30
13
34
40
44
39
7
35
36
28
41
24
12
22
20
27
22
16
19
19
20
67
15
66
57
30
32
50
37
18
16
10
47
21
17
18
25
30
17
16
27
8
10
11
13
15
32
26
27
28
36
20
25
11
12
19
19
19
21
37
33
15
28
16
13
35
10
9
11
138
148
25
21
42
24
29
16
32
31
6
8
17
17
35
15
25
17
17
28
45
32
29
30
34
20
19
22
18
29
75
83
82
83
76
75
80
81
64
79
49
32
22
15
16
27
40
16
24
7
26
26
33
22
23
112
29
13
24
33
24
32
18
32
24
28
26
27
22
26
29
23
18
10
23
24
23
19
70
19
19
37
18
26
14
15
26
17
19
10
14
22
25
15
11
9
20
13
19
11
14
31
44
17
51
48
44
31
12
17
32
19
34
15
9
8
12
17
11
23
11
24
24
25
25
17
9
21
12
20
40
13
9
16
12
30
15
26
22
33
31
32
8
46
47
34
18
9
15
20
18
22
19
20
12
18
12
33
26
29
15
27
15
48
44
35
27
14
6
28
16
34
37
25
17
20
30
30
71
20
21
22
30
27
26
22
102
18
56
69
8
15
16
14
23
18
24
12
11
17
36
29
23
18
23
21
21
50
13
21
17
32
20
22
34
28
21
25
46
26
29
24
31
9
22
22
20
48
60
22
50
7
9
34
21
25
24
70
36
36
40
37
43
35
40
31
37
28
40
20
39
32
39
41
41
25
18
29
29
35
31
16
27
15
30
6
39
16
43
11
26
28
16
18
31
50
32
22
48
52
43
37
16
23
15
13
57
10
21
14
25
22
21
47
17
44
50
37
39
23
26
28
37
28
39
38
31
25
29
11
9
26
50
35
20
35
37
43
46
13
7
15
8
15
19
27
13
23
22
38
22
22
23
28
29
43
13
38
12
62
8
44
32
22
29
45
38
18
44
23
55
32
29
40
28
36
64
56
25
30
41
13
36
17
27
43
35
43
47
42
27
10
18
11
44
23
33
65
40
46
25
40
31
17
47
26