12
30
23
32
32
29
18
25
23
17
37
38
30
24
37
21
13
22
20
28
24
39
38
19
27
27
21
31
16
29
18
14
27
30
11
35
30
32
30
41
44
26
25
24
20
30
26
21
25
79
78
103
42
17
18
16
20
21
35
30
40
37
21
44
26
37
72
9
52
41
22
33
23
22
17
20
8
39
51
26
44
20
21
13
18
33
8
44
43
29
19
22
13
11
14
8
8
22
39
25
21
23
29
18
16
25
30
50
54
66
3
3
2
13
31
35
2
15
20
16
28
21
19
60
24
29
17
18
46
43
37
20
67
84
28
50
29
20
92
89
35
22
11
13
5
4
29
9
43
43
42
82
89
32
41
13
12
32
54
11
12
53
28
26
31
17
18
34
27
34
22
37
9
33
36
24
42
46
20
37
89
24
23
70
26
21
55
26
70
45
60
48
26
79
9
9
15
43
35
78
13
25
39
30
8
27
13
16
13
16
31
18
47
4
15
12
44
14
37
49
28
17
16
12
17
35
59
17
33
52
51
34
64
25
55
43
58
28
7
27
10
34
68
14
48
16
32
25
15
18
59
32
38
35
5
17
26
16
32
44
75
10
52
13
34
47
43
40
34
44
32
32
41
36
126
8
26
196
9
7
39
14
47
37
18
5
9
67
18
53
37
7
59
13
11
87
49
35
18
41
47
7
105
13
4
27
83
71
17
33
78
92
35
57
15
48
41
35
10
47
24
47
21
29
19
16
52
32
27
66
32
29
4
7
16
38
92
36
40
55
9
25
19
8
48
61
50
95
34
22
32
47
9
17
8
33
32
32
27
36
33
32
13
13
7
8
7
53
24
46
59
44
66
6
41
85
24
47
34
34
61
52
64
27
6
119
28
54
46
32
54
18
17
15
24
54
20
17
61
50
94
73
9
78
63
34
47
11
34
27
4
47
10
18
55
17
122
24
27
25
11
44
63
73
30
46
51
5
6
44
62
10
50
27
85
15
26
26
4
19
18
42
55
100
38
23
55
30
30
80
60
81
55
33
33
26
44
76
60
37
33
97
79
34
56
59
45
12
9
12
39
24
68
39
5
61
100
22
40
15
24
23
22
45
84
58
14
24
94
10
49
54
13
55
40
79
48
53
131
55
66
65
19
20
6
19
19
38
35
12
60
60
80
42
64
9
66
37
12
29
15
23
37
54
9
27
27
19
24
23
28
65
18
38
31
29
35
33
54
51
12
38
39
66
37
26
14
66
39
20
36
34
30
25
40
38
41
69
36
60
22
38
29
35
59
37
8
15
32
24
20
25
15
10
12
45
68
57
23
25
33
5
20
66
10
10
19
20
9
28
23
34
52
58
93
11
39
12
68
82
81
46
23
15
89
83
14
14
60
35
21
11
9
64
43
39
97
9
10
14
20
25
21
19
39
10
17
21
26
115
12
34
27
92
12
90
93
86
89
58
85
67
79
78
108
65
58
39
99
6
27
26
12
23
97
24
14
17
16
89
20
66
10
18
23
43
46
66
8
9
9
21
42
54
32
83
30
10
39
26
84
69
46
47
53
54
47
43
39
31
25
21
17
15
8
25
179
14
17
48
47
43
14
21
21
97
21
11
10
28
45
41
21
70
21
22
29
103
99
110
54
66
64
51
32
27
21
20
2
7
3
12
2
4
3
14
5
71
57
96
83
29
32
23
10
11
9
12
8
38
54
36
14
21
88
75
40
26
28
29
20
21
31
19
12
17
14
61
8
4
20
18
13
67
13
14
14
12
17
14
26
14
18
31
16
20
11
32
26
14
14
13
14
15
73
66
47
46
22
5
12
25
26
27
18
18
21
23
19
17
41
28
36
28
32
20
33
34
26
30
13
28
18
11
13
9
7
43
13
27
18
15
9
11
9
22
24
21
50
52
40
88
20
30
39
30
33
87
94
47
7
41
19
18
20
67
13
13
122
55
16
16
121
151
23
59
51
54
45
79
80
10
40
57
44
11
15
25
12
76
11
22
42
26
10
23
19
22
16
19
62
26
26
20
54
23
15
23
21
18
12
10
20
17
10
14
14
25
16
17
21
17
27
30
24
17
16
82
69
102
60
87
56
50
28
94
16
11
11
12
12
10
14
11
16
26
44
20
52
53
58
29
23
42
49
28
33
22
20
37
35
29
20
25
18
34
113
16
34
12
14
11
10
17
19
17
13
19
13
11
17
12
82
65
79
44
47
28
21
8
31
22
25
17
36
11
22
10
34
31
4
7
8
12
7
11
7
11
13
12
29
28
22
43
32
22
27
38
19
28
35
25
19
20
16
18
3
14
11
16
19
17
37
34
22
18
53
92
19
25
23
16
15
17
25
21
23
23
18
19
16
21
16
34
16
18
25
20
24
16
28
23
23
24
19
10
17
15
29
18
24
32
26
19
17
7
19
19
19
31
98
18
10
11
14
10
10
2
3
9
10
7
21
19
13
17
14
23
19
14
50
46
14
29
15
8
10
11
11
8
158
13
12
12
19
8
37
19
21
77
12
12
11
9
8
12
14
19
20
18
16
17
20
15
13
14
8
17
15
19
17
17
8
38
14
14
16
19
11
5
13
12
13
21
16
22
19
108
32
35
47
28
57
12
19
20
20
11
29
41
29
30
30
27
8
19
14
12
32
32
31
43
31
33
32
24
12
15
26
18
19
15
24
24
23
45
23
27
28
27
26
34
14
16
13
15
13
16
15
14
18
20
24
26
28
28
34
22
32
21
23
24
13
16
37
30
32
30
26
11
31
44
17
47
44
14
24
14
16
13
20
13
8
14
34
21
28
28
28
25
21
44
49
21
60
39
9
11
30
25
21
21
22
11
23
23
19
21
14
19
10
15
30
23
19
14
26
19
16
25
25
35
27
21
16
18
10
48
33
42
32
19
38
22
25
27
31
24
32
29
20
25
36
36
37
13
17
11
24
41
23
30
22
36
22
43
20
14
27
21
20
17
23
21
18
30
10
14
14
36
22
19
12
15
10
22
22
34
23
34
19
22
21
26
30
21
18
19
18
34
14
13
18
28
28
48
52
58
45
19
54
35
50
65
17
21
42
16
34
23
16
18
26
17
26
8
21
63
23
33
21
26
18
18
18
38
26
20
9
15
16
9
26
31
19
28
20
30
39
42
54
23
72
12
64
12
48
32
35
90
20
24
29
27
17
14
17
28
26
33
15
14
76
85
25
11
45
7
43
15
22
19
79
16
17
22
16
45
47
13
18
23
29
28
25
42
12
59
14
65
22
14
33
8
15
28
29
34
37
28
24
15
25
41
10
38
18
10
32
52
17
17
17
16
27
51
32
57
14
15
17
11
17
11
15
10
13
13
8
24
20
22
22
47
22
24
18
9
13
8
13
18
32
17
12
29
26
40
17
14
13
44
43
17
34
70
11
5
16
18
21
13
11
15
21
27
49
40
39
27
7
11
5
28
47
21
53
33
18
12
5
38
15
9
8
16
11
20
21
16
12
11
12
23
17
14
27
24
54
27
47
40
36
38
30
45
83
54
34
18
20
8
59
29
11
51
29
18
22
28
31
21
20
10
22
16
29
13
9
20
17
27
30
10
19
25
64
69
47
19
15
16
13
19
17
15
10
11
31
18
16
19
11
14
18
12
17
7
67
2
43
17
19
4
28
36
31
18
36
16
18
18
30
33
37
23
34
58
53
40
16
19
57
10
26
44
14
49
11
11
13
47
63
27
19
27
37
24
20
30
18
10
11
11
6
44
22
62
22
10
13
16
12
41
8
24
27
9
14
25
20
47
12
15
26
31
24
45
47
36
28
14
26
12
15
28
32
36
35
33
16
26
25
19
42
31
29
24
11
20
8
15
13
45
34
54
19
24
72
57
40
19
39
18
59
16
43
44
44
45
44
44
38
41
45
31
30
32
42
24
14
29
25
20
18
12
42
36
48
19
72
45
26
34
32
33
16
24
46
35
27
10
34
42
69
81
16
28
17
13
12
10
47
49
103
21
26
16
20
26
41
92
57
28
10
34
19
19
18
18
13
7
6
39
28
15
6
18
22
13
13
60
50
46
71
33
21
3
12
6
31
21
19
23
17
11
9
4
11
7
24
24
21
38
54
36
26
42
55
16
43
23
27
2
21
26
27
35
35
116
30
8
32
28
6
16
34
14
54
41
10
18
31
39
51
12
42
12
8
38
36
74
25
36
23
7
46
30
13
20
16
49
21
18
9
38
16
48
7
9
18
11
36
7
8
30
28
30
24
33
24
52
24
12
37
12
54
57
46
49
48
20
21
31
38
36
23
15
35
22
54
20
32
17
22
19
20
20
16
38
16
41
26
20
32
14
32
9
22
5
50
57
61
52
55
51
45
8
36
47
59
43
50
35
31
107
27
20
21
22
7
16
14
12
37
8
72
7
33
33
20
41
34
159
14
34
42
35
49
15
10
11
8
85
25
43
35
27
30
52
59
13
68
64
6
44
36
20
45
14
29
30
25
27
48
11
27
31
34
22
26
84
42
35
36
28
38
7
32
17
63
79
26
47
54
65
37
48
32
43
78
34
45
32
40
12
30
11
49
61
59
18
70
24
18
44
42
48
27
19
19
27
20
19
9
18
7
27
18
7
15
31
16
21
33
15
95
31
52
44
46
26
6
22
45
11
57
22
52
29
26
4
68
29
10
13
14
13
11
14
20
16
27
21
17
0
32
12
26
80
52
26
16
15
12
4
118
30
13
40
19
37
19
60
30
14
10
45
31
42
50
4
20
10
47
79
42
82
17
24
13
9
9
29
59
11
14
26
13
60
54
62
57
42
15
21
17
15
30
40
46
23
26
49
31
11
66
10
41
44
8
24
32
63
84
75
10
13
51
69
7
12
14
28
20
38
26
13
19
12
46
52
21
18
17
6
12
30
26
43
48
31
32
94
11
20
31
57
31
20
16
15
17
17
54
40
134
18
19
23
52
6
6
45
63
50
9
21
23
27
19
48
62
64
53
52
36
65
22
28
40
12
41
121
83
45
16
13
14
61
46
55
39
79
60
59
74
60
67
46
64
63
77
49
41
25
44
41
13
7
14
47
15
17
60
22
12
77
75
64
130
48
51
119
72
41
64
97
61
12
14
12
74
9
16
12
19
21
20
19
20
20
19
76
19
34
6
32
34
16
28
92
52
10
64
27
48
15
16
6
51
36
10
12
64
13
11
15
62
78
10
8
100
35
79
6
10
18
35
48
35
61
37
37
54
24
8
12
66
66
62
21
54
45
59
39
40
34
23
21
7
5
15
8
4
140
13
11
19
93
20
15
22
86
60
16
17
18
16
133
63
47
27
45
55
32
59
24
46
14
21
17
7
17
16
28
32
71
34
21
13
12
11
27
11
7
23
10
64
60
24
47
40
46
56
107
38
30
10
84
62
31
15
18
17
16
20
12
13
27
15
11
18
14
16
16
16
24
23
22
26
17
27
97
11
11
10
8
17
13
11
16
21
20
13
6
7
13
8
22
28
23
28
21
22
21
24
18
11
10
33
39
16
49
19
10
13
15
15
20
18
11
12
13
8
35
33
24
36
39
22
6
12
17
12
18
27
14
13
16
21
25
24
24
20
26
23
27
20
34
17
20
16
19
18
9
17
26
20
18
16
17
20
20
15
19
22
25
6
19
21
29
17
22
26
26
11
12
17
16
12
29
22
25
23
24
29
20
23
23
26
15
21
13
21
14
12
5
5
5
6
5
5
7
15
15
17
19
19
19
14
14
14
13
22
17
23
24
20
25
26
8
7
15
15
13
22
16
21
25
22
23
16
16
24
18
19
23
21
11
17
22
11
16
16
8
16
11
33
22
17
14
27
21
15
14
14
14
22
22
13
13
16
18
11
17
19
20
14
10
30
22
20
19
24
18
27
21
29
21
32
25
8
28
26
19
18
19
27
21
22
33
24
22
17
47
12
9
22
20
12
20
29
34
31
26
26
10
31
49
13
34
16
16
32
39
36
10
45
20
64
17
18
14
37
62
40
60
6
22
52
40
28
64
83
32
24
26
32
11
26
25
46
20
29
29
30
3
38
20
30
27
35
40
14
43
29
22
26
40
37
24
17
32
31
22
32
50
46
19
40
50
40
27
44
12
20
32
40
28
39
29
14
22
27
26
17
16
19
18
18
25
21
6
35
20
20
19
26
49
25
27
31
23
28
25
51
25
63
23
56
30
59
11
17
46
58
21
38
21
16
35
59
29
11
32
58
27
70
32
35
40
32
37
26
37
38
24
40
42
54
19
24
46
28
24
26
27
28
33
27
23
25
25
21
14
12
27
29
28
28
35
29
22
2
22
39
8
9
24
18
5
23
26
32
42
34
19
13
19
4
24
17
4
52
26
24
26
37
18
41
57
18
6
13
32
23
20
19
18
25
54
12
19
18
17
6
32
22
20
98
8
18
24
12
17
34
34
34
53
51
69
21
87
5
51
22
36
30
23
25
20
27
56
29
53
29
13
12
14
12
15
18
33
19
15
12
31
41
23
49
12
32
36
55
38
30
36
27
16
19
59
45
47
17
17
11
8
16
20
24
31
25
27
24
30
74
17
40
47
29
24
36
19
31
26
22
43
8
31
23
25
35
9
19
26
24
22
41
27
25
46
29
27
18
31
22
31
24
18
16
28
22
26
42
59
12
46
25
20
37
16
28
33
26
12
34
35
21
20
26
10
20
5
31
49
31
34
26
25
36
29
26
33
29
23
25
21
33
39
13
22
32
56
35
28
29
22
26
11
45
19
28
22
45
22
14
26
26
25
25
22
25
6
9
50
32
20
3
37
11
37
39
32
40
9
30
31
22
8
36
47
48
28
29
32
33
11
12
41
11
31
43
49
38
17
15
40
36
56
15
16
14
37
13
30
19
31
16
22
34
40
56
29
42
15
16
22
22
15
16
18
18
21
22
21
17
25
19
26
28
39
25
21
26
25
22
23
24
19
21
26
24
20
21
21
23
18
61
54
27
12
37
34
28
6
7
56
15
20
19
16
7
29
13
17
21
34
19
32
12
12
37
31
26
48
14
19
12
46
12
12
9
10
35
7
68
25
59
73
33
39
44
43
51
33
42
31
33
13
62
27
40
33
18
15
15
16
46
18
57
15
15
15
16
12
60
47
46
14
34
66
59
34
53
63
38
35
36
43
39
34
24
26
11
10
57
50
56
66
51
67
65
82
46
60
53
53
39
11
68
41
85
35
40
18
12
41
56
48
54
14
13
12
17
11
14
38
30
46
46
49
22
66
74
18
31
20
83
59
45
19
12
12
38
16
66
58
19
15
36
22
26
68
18
18
18
44
73
73
76
21
51
23
30
22
31
47
40
17
22
21
25
66
48
0
40
57
51
20
30
16
41
17
5
59
49
65
47
54
46
56
76
67
70
55
72
25
28
42
91
19
79
77
15
57
11
11
16
9
12
15
8
33
26
55
19
25
44
51
92
40
37
24
36
77
20
44
89
30
32
28
26
17
17
18
15
18
13
24
16
20
15
16
32
23
16
13
18
17
14
23
15
12
18
16
15
27
22
28
18
24
18
18
10
10
13
11
19
24
23
7
13
11
17
16
16
11
12
15
16
22
15
19
14
14
21
34
14
31
43
22
26
21
28
21
15
12
32
24
25
30
28
14
14
17
16
23
15
25
17
18
14
9
13
17
21
11
13
8
21
23
19
23
10
22
13
15
16
16
10
11
18
20
28
20
22
27
17
15
15
19
17
7
18
13
18
12
24
6
8
10
13
10
16
20
17
14
9
17
12
11
12
20
19
18
15
18
15
19
20
11
12
12
17
12
16
16
17
18
18
10
19
10
17
20
13
11
9
9
10
12
13
9
7
19
17
8
10
14
15
18
18
27
39
26
24
14
19
16
20
21
9
17
32
24
25
13
29
10
33
9
4
21
25
36
49
26
23
24
8
43
34
27
6
20
7
36
29
42
5
4
28
45
35
34
30
37
9
31
4
52
38
9
20
7
6
30
23
27
28
7
14
23
47
35
30
31
11
36
40
34
26
54
12
32
44
32
32
66
61
18
16
15
37
18
32
13
26
23
15
14
12
13
39
39
32
19
13
7
24
13
23
14
20
43
21
31
17
13
16
30
38
33
13
45
8
25
27
21
25
21
21
29
5
22
32
36
8
12
11
34
26
32
35
13
29
57
15
15
18
8
22
15
19
3
4
4
19
8
25
11
22
41
8
12
17
20
24
33
10
8
15
15
14
11
29
13
11
38
9
48
40
32
34
34
17
12
10
9
10
6
6
30
18
27
25
8
8
15
12
26
8
5
17
26
27
18
8
8
27
