43
54
29
52
58
60
61
45
25
42
46
59
50
49
43
64
51
48
56
53
45
45
44
46
47
58
46
44
47
47
56
49
52
44
36
74
42
35
59
42
52
14
20
38
60
23
10
22
5
58
57
24
44
42
7
15
13
49
70
65
19
32
19
21
16
51
30
39
14
34
62
31
29
45
16
45
22
77
29
25
14
12
25
59
25
17
45
20
16
26
115
36
15
27
18
33
21
16
57
23
23
33
86
26
25
19
27
18
28
35
39
23
23
57
34
23
72
15
18
17
16
16
16
13
23
46
69
64
45
37
67
83
21
68
22
59
30
85
102
98
31
52
38
5
21
41
37
19
10
64
46
83
77
72
80
73
56
34
28
92
41
84
73
14
9
21
19
29
18
28
8
13
19
26
22
26
145
58
13
70
51
23
113
15
21
14
25
29
33
94
29
89
27
19
48
103
19
61
86
17
22
69
17
75
28
21
36
41
40
19
54
55
33
31
27
47
44
44
43
45
45
47
47
50
48
48
48
49
50
59
16
63
18
47
54
56
46
67
83
28
55
47
50
25
19
78
95
88
43
26
40
63
55
83
42
34
49
14
51
14
18
50
43
50
61
68
76
35
24
20
53
36
110
28
11
22
24
52
107
51
22
75
59
58
18
78
61
25
110
45
50
22
40
192
38
39
31
64
43
36
19
71
39
22
15
45
55
61
35
62
39
115
68
30
18
73
26
134
118
19
48
35
25
18
22
33
44
50
59
29
30
38
103
15
14
47
45
21
34
57
30
51
140
28
27
134
17
28
91
31
22
36
40
43
54
39
34
18
43
39
101
66
33
32
22
64
9
42
71
42
37
113
33
37
27
31
30
32
53
75
21
23
51
37
44
38
38
41
41
39
41
42
40
44
60
60
19
23
50
45
13
38
46
30
44
40
7
16
24
52
16
75
25
32
66
50
27
39
61
34
63
37
33
40
44
32
18
43
52
28
48
50
145
52
35
29
34
42
28
169
20
16
52
114
192
40
17
46
15
68
54
50
22
25
48
68
51
170
158
83
12
59
20
26
24
91
95
14
18
40
66
14
41
56
54
77
89
78
39
23
57
34
91
50
142
60
93
32
40
45
49
249
276
238
229
266
240
160
176
145
147
251
156
153
159
176
35
44
40
40
121
47
43
36
38
45
57
42
44
54
50
71
74
260
17
39
15
45
33
65
38
145
130
71
150
67
121
66
34
23
26
12
38
16
87
76
89
77
99
19
59
18
46
32
36
74
35
51
130
240
19
17
133
26
180
211
224
78
60
70
69
60
63
60
67
11
37
34
19
110
53
20
17
78
26
33
30
46
19
37
51
75
56
55
55
56
56
58
54
55
58
83
49
50
29
94
26
13
13
10
21
39
41
24
29
21
8
19
29
25
22
36
21
33
33
46
264
49
40
28
15
15
18
33
42
47
47
65
26
30
31
31
47
19
48
91
7
64
14
46
59
24
19
73
19
11
34
40
35
42
38
29
69
28
18
32
52
27
15
59
32
36
21
55
55
26
31
93
33
23
26
32
28
14
53
14
49
11
45
21
23
120
29
28
29
30
61
46
54
56
55
62
42
69
57
43
43
45
52
18
21
20
21
19
20
22
21
43
31
47
50
40
27
44
72
82
51
33
47
35
50
41
45
28
95
34
21
19
41
35
17
49
48
38
39
34
43
40
20
28
30
23
22
19
37
33
34
68
13
31
30
29
49
50
55
53
22
27
54
13
11
29
67
59
35
49
59
65
21
25
32
7
32
25
14
30
11
13
11
14
13
18
35
48
32
23
35
45
38
33
40
30
36
14
36
73
20
12
67
47
73
38
41
18
21
36
33
24
77
62
23
63
60
58
64
47
20
8
78
17
12
63
37
23
48
22
38
45
41
29
43
34
15
74
44
35
48
34
17
80
32
27
8
15
13
12
44
52
62
27
39
60
44
59
34
17
61
25
36
26
34
37
67
34
9
46
42
39
82
66
31
22
29
56
93
28
14
50
38
27
33
20
24
101
46
61
39
40
12
44
39
34
21
41
29
15
35
26
38
78
14
12
26
31
34
36
30
12
26
14
34
38
15
46
26
15
24
20
19
50
23
24
16
61
25
38
24
36
45
30
31
18
48
32
42
52
62
36
52
56
55
53
93
46
12
36
12
14
50
