25
9
32
18
12
40
59
16
46
28
58
39
22
21
16
24
20
40
35
42
23
42
16
39
26
20
19
65
24
20
16
33
18
42
29
26
18
30
61
32
9
18
28
25
25
24
29
52
19
18
32
15
25
26
51
43
37
45
36
30
20
21
47
22
27
52
17
11
48
43
39
48
38
53
31
29
20
20
31
42
27
17
73
23
19
28
56
8
20
25
9
31
24
17
33
43
55
12
4
18
24
32
14
31
45
21
17
12
13
52
23
18
29
12
34
45
31
24
34
67
22
15
21
18
52
35
35
35
38
7
29
22
17
9
46
27
31
9
40
20
53
32
28
28
18
27
93
30
30
16
12
13
32
8
34
16
17
35
34
52
22
39
42
40
40
10
10
9
6
19
19
58
29
10
92
26
14
19
9
9
34
15
20
23
16
19
12
18
17
37
27
19
51
50
48
32
49
19
32
11
41
66
40
18
36
21
37
51
28
20
10
30
28
17
42
27
15
25
32
23
21
23
29
18
19
27
28
24
47
41
28
75
32
16
48
29
17
10
11
11
35
16
23
52
34
13
34
9
38
45
15
26
13
38
21
22
20
24
18
19
24
28
28
45
27
25
27
14
25
23
32
30
41
54
20
37
14
15
30
15
17
25
17
26
32
37
50
29
45
29
36
28
16
42
40
18
43
11
43
28
33
26
34
33
32
39
26
26
32
16
29
39
34
18
18
14
15
22
28
43
23
18
10
14
24
34
28
40
42
17
27
26
9
22
32
33
30
41
7
13
24
61
53
41
22
26
19
22
16
37
41
36
40
19
22
19
31
19
30
9
11
18
8
21
20
26
47
72
81
63
16
24
15
34
65
24
43
26
18
40
18
38
19
27
38
42
18
15
19
30
33
31
33
22
36
21
19
42
33
49
47
42
23
14
24
32
35
56
12
14
12
46
21
21
35
43
33
12
72
72
56
59
34
9
33
23
23
32
27
31
11
19
25
19
52
46
42
34
13
32
11
45
12
24
18
17
36
42
20
19
15
16
14
36
20
17
24
24
16
29
19
23
43
24
30
24
11
19
36
56
23
16
19
44
22
25
11
42
51
30
28
33
11
43
19
10
73
41
64
36
26
59
46
10
61
11
15
25
38
26
28
17
62
49
52
68
39
25
48
28
23
24
79
75
56
22
25
23
25
36
11
19
22
36
51
24
102
7
6
31
111
27
21
26
57
14
47
29
19
25
31
15
46
33
30
48
17
19
34
24
23
27
19
18
19
19
11
47
64
14
57
55
33
69
21
25
34
25
25
21
46
61
75
19
27
17
38
27
44
45
24
12
25
49
20
18
37
36
15
22
93
103
111
36
14
11
12
12
14
14
7
27
34
24
29
36
14
44
49
34
35
39
39
36
40
44
36
39
30
31
28
20
29
46
62
20
77
14
33
16
23
36
52
40
38
25
26
40
30
29
29
16
17
85
38
18
21
49
22
35
61
64
31
29
113
97
96
44
9
95
71
78
29
15
10
39
30
23
94
41
60
43
27
18
38
44
12
37
39
29
21
15
32
14
25
27
26
31
21
19
18
32
50
57
15
32
77
27
31
45
23
41
45
32
29
28
35
29
30
30
32
10
14
41
29
29
57
29
44
70
63
49
14
13
21
18
29
40
67
44
40
34
69
81
15
16
18
23
15
15
19
18
99
37
54
27
39
20
12
28
17
14
14
18
23
21
83
57
24
48
27
18
18
24
13
13
23
14
16
28
40
21
71
48
54
31
70
35
12
13
16
18
14
15
14
14
15
49
40
36
34
30
33
20
69
47
31
50
23
56
50
51
33
55
35
27
216
18
15
56
23
26
24
27
31
23
25
15
10
39
27
16
15
29
17
22
22
34
32
22
25
57
28
21
35
36
75
24
66
23
24
20
59
48
13
47
34
48
41
40
46
31
9
12
18
10
14
57
22
51
28
16
11
29
20
19
37
32
30
40
22
20
11
34
51
33
32
11
12
11
65
51
26
10
8
16
19
17
41
58
9
15
11
18
28
54
31
19
22
33
15
18
57
30
37
17
27
19
45
20
38
16
40
39
20
66
38
74
115
30
45
24
30
9
12
49
35
30
27
23
7
27
20
47
63
54
32
15
43
33
26
22
39
60
18
35
30
41
33
21
24
58
36
31
72
38
62
24
34
29
112
15
13
12
15
17
15
43
28
48
36
65
38
34
24
25
21
49
16
22
32
14
28
23
33
22
31
37
54
22
25
27
17
46
25
17
29
32
28
35
19
17
18
17
41
14
20
54
48
95
36
8
20
13
57
41
37
26
57
20
48
54
10
41
39
40
34
29
31
28
31
31
29
21
13
13
24
7
36
21
30
31
32
38
43
24
27
28
12
12
33
44
11
44
32
39
22
20
78
39
18
18
32
29
51
25
18
38
40
36
26
63
19
30
21
66
23
28
29
27
19
14
18
31
25
29
39
5
33
27
9
20
36
40
30
35
75
39
48
47
30
29
37
43
42
19
28
39
30
31
31
54
33
16
28
26
27
17
28
20
17
21
31
38
41
35
33
14
17
23
37
24
21
29
20
22
27
26
27
24
26
25
19
17
41
27
34
25
23
26
25
25
54
23
28
25
23
31
30
28
31
25
10
24
17
34
49
7
12
56
22
32
41
35
34
21
17
27
12
14
21
30
13
34
40
44
39
7
35
36
28
41
24
12
22
20
27
22
16
19
19
20
67
15
66
57
30
32
50
37
18
16
10
47
21
17
18
25
30
17
16
27
8
10
11
13
15
32
26
27
28
36
20
25
11
12
19
19
19
21
37
33
15
28
16
13
35
10
9
11
138
148
25
21
42
24
29
16
32
31
6
8
17
17
35
15
25
17
17
28
45
32
29
30
34
20
19
22
18
29
75
83
82
83
76
75
80
81
64
79
49
32
22
15
16
27
40
16
24
7
26
26
33
22
23
112
29
13
24
33
24
32
18
32
24
28
26
27
22
26
29
23
18
10
23
24
23
19
70
19
19
37
18
26
14
15
26
17
19
10
14
22
25
15
11
9
20
13
19
11
14
31
44
17
51
48
44
31
12
17
32
19
34
15
9
8
12
17
11
23
11
24
24
25
25
17
9
21
12
20
40
13
9
16
12
30
15
26
22
33
31
32
8
46
47
34
18
9
15
20
18
22
19
20
12
18
12
33
26
29
15
27
15
48
44
35
27
14
6
28
16
34
37
25
17
20
30
30
71
20
21
22
30
27
26
22
102
18
56
69
8
15
16
14
23
18
24
12
11
17
36
29
23
18
23
21
21
50
13
21
17
32
20
22
34
28
21
25
46
26
29
24
31
9
22
22
20
48
60
22
50
7
9
34
21
25
24
70
36
36
40
37
43
35
40
31
37
28
40
20
39
32
39
41
41
25
18
29
29
35
31
16
27
15
30
6
39
16
43
11
26
28
16
18
31
50
32
22
48
52
43
37
16
23
15
13
57
10
21
14
25
22
21
47
17
44
50
37
39
23
26
28
37
28
39
38
31
25
29
11
9
26
50
35
20
35
37
43
46
13
7
15
8
15
19
27
13
23
22
38
22
22
23
28
29
43
13
38
12
62
8
44
32
22
29
45
38
18
44
23
55
32
29
40
28
36
64
56
25
30
41
13
36
17
27
43
35
43
47
42
27
10
18
11
44
23
33
65
40
46
25
40
31
17
47
26