31
40
74
36
38
45
19
61
131
33
42
36
38
41
28
70
22
42
36
33
24
35
41
90
40
36
38
45
57
38
37
35
39
34
40
40
37
57
41
24
31
105
50
52
67
81
82
20
21
33
51
35
39
61
30
32
50
37
32
78
52
16
29
91
56
22
31
102
35
33
25
27
38
71
27
31
23
17
19
12
17
17
27
20
16
30
71
36
52
16
58
38
31
29
31
35
33
15
21
22
29
20
30
76
24
75
18
23
58
41
92
28
29
37
73
14
13
48
59
41
22
23
28
46
13
29
16
101
17
15
49
50
55
53
54
54
17
64
63
65
65
47
11
9
30
41
22
18
55
12
27
15
135
14
33
128
55
110
20
9
18
60
24
13
49
49
45
96
82
87
61
36
33
45
17
142
14
14
28
30
18
18
46
90
26
86
132
10
17
20
43
40
46
144
62
49
48
47
54
70
7
14
14
35
5
3
4
3
11
14
20
19
18
25
42
44
16
19
30
28
30
28
31
27
31
26
28
28
33
27
27
21
26
36
30
38
30
35
30
35
18
24
23
30
15
18
8
19
4
38
10
45
50
13
13
20
16
21
14
12
34
16
21
25
32
15
29
38
30
23
62
18
14
26
27
58
38
12
13
26
27
17
28
24
26
37
47
53
16
43
24
41
10
13
17
40
31
21
22
15
6
38
42
20
18
17
14
45
15
44
28
17
10
14
14
17
48
25
6
6
14
9
15
10
34
15
43
43
39
6
12
15
11
41
52
60
7
29
8
32
43
6
38
26
7
56
8
10
19
18
10
42
16
23
29
21
30
25
11
46
37
9
18
21
21
31
30
26
30
25
50
24
63
37
40
35
24
35
40
22
15
22
16
20
8
7
55
31
20
43
15
42
35
14
16
13
74
33
58
13
81
30
48
18
16
28
35
36
16
14
68
25
24
27
94
36
35
31
22
24
11
28
13
10
13
14
32
39
23
16
18
48
47
44
24
23
8
20
54
24
24
31
37
14
21
59
25
32
49
16
19
80
30
50
39
15
21
36
35
32
37
43
59
17
28
14
24
60
15
40
25
22
20
29
32
34
28
29
31
40
30
13
34
36
38
32
36
53
61
34
61
30
35
29
16
15
23
20
21
22
22
23
25
23
24
29
28
10
6
7
6
5
5
15
37
11
12
6
8
6
21
22
23
29
13
7
5
25
15
14
14
61
80
4
28
33
39
13
34
15
24
24
2
2
8
12
13
23
10
13
26
12
11
15
23
17
17
11
14
17
18
4
8
17
31
23
34
17
28
20
26
28
28
20
27
12
25
8
23
9
17
4
5
31
23
25
30
44
3
24
26
13
17
23
27
8
8
5
4
5
11
27
34
17
9
27
6
22
12
16
18
8
11
21
13
28
12
9
14
11
15
13
0
20
22
21
12