119
94
96
165
48
19
46
36
82
136
23
77
36
18
33
32
99
101
41
132
197
42
55
49
66
72
51
140
168
121
88
84
78
69
52
110
38
97
26
28
61
15
192
47
65
69
20
123
31
23
57
52
42
72
179
139
143
155
156
151
164
163
162
159
172
173
88
25
51
29
48
275
42
16
23
67
22
65
16
29
15
38
21
44
18
119
58
57
29
70
84
173
27
18
95
46
98
170
11
115
14
60
25
75
68
61
51
76
60
65
14
75
87
98
76
83
104
66
60
59
61
73
69
62
33
24
34
58
57
58
55
61
59
57
63
63
83
74
229
68
40
121
49
69
29
32
24
30
34
168
22
36
169
200
114
66
110
58
59
87
105
31
42
107
49
23
43
22
22
24
17
15
24
66
15
60
113
47
24
14
71
16
57
130
40
38
40
38
12
15
41
132
24
92
16
124
19
102
158
124
125
36
91
8
81
114
54
19
31
56
80
50
15
25
31
90
24
26
48
169
43
62
173
222
16
33
229
120
81
55
35
33
97
97
60
30
27
38
29
88
24
33
144
29
21
13
35
26
31
31
81
12
25
42
41
24
47
152
148
101
110
150
97
127
151
45
38
39
33
106
24
39
35
29
29
28
29
37
32
33
35
43
36
40
155
55
28
26
21
55
82
61
28
22
78
56
39
27
40
54
42
31
77
50
29
18
12
44
26
64
49
18
20
16
17
226
14
36
18
43
43
37
28
44
15
16
46
24
54
10
42
46
44
61
0
39
25
22
52
43
50
58
75
85
80
35
52
58
44
56
49
54
49
58
64
54
52
47
51
59
49
52
50
50
43
53
62
20
25
36
38
23
39
31
36
13
12
12
40
133
43
16
54
62
42
44
32
34
60
42
41
43
39
37
35
25
72
40
28
52
37
62
18
88
36
39
42
65
69
41
57
46
69
15
25
50
38
23
13
31
15
47
27
72
83
37
8
55
50
29
38
54
46
41
43
39
42
39
42
45
42
39
41
32
34
31
32
32
31
32
22
22
55
47
50
24
37
47
55
19
58
52
45
62
62
86
36
37
26
46
69
85
70
20
13
78
36
18
80
62
59
58
13
64
81
53
73
65
66
67
70
21
83
44
14
9
23
40
53
12
13
92
23
47
11
24
13
13
16
28
105
70
18
53
55
30
14
38
13
50
16
62
56
20
92
14
49
23
30
35
42
23
36
22
27
35
35
36
40
40
39
37
39
38
46
46
22
16
33
24
34
45
50
64
37
27
60
20
16
54
44
79
47
48
75
39
18
9
52
107
50
54
57
22
23
12
14
76
31
37
75
21
46
26
6
26
91
59
71
21
141
44
7
32
71
62
72
23
81
72
70
95
37
33
24
20
108
12
113
37
113
96
97
97
102
93
96
29
35
24
49
34
58
25
27
37
32
99
46
75
67
66
75
43
13
35
13
13
10
12
19
26
26
36
23
31
39
44
43
19
72
11
11
95
44
33
38
30
17
33
37
25
42
52
15
14
57
114
47
38
13
101
16
20
20
42
42
19
15
13
68
42
11
45
29
56
31
34
32
36
31
36
36
55
8
8
34
29
50
32
21
24
20
19
40
116
95
60
55
68
58
56
68
55
56
30
22
23
31
80
15
32
5
41
29
38
42
17
18
7
37
38
32
32
32
39
20
32
37
40
47
17
34
17
28
36
61
51
19
9
32
73
76
43
14
60
33
37
39
16
24
12
53
41
25
22
25
11
12
56
28
30
36
23
83
88
75
28
19
31
57
45
42
45
44
44
49
49
48
48
45
64
41
24
69
53
45
63
67
75
76
47
42
15
17
62
116
84
41
22
23
53
17
28
52
37
38
114
10
31
44
25
70
15
4
57
64
82
39
38
39
40
28
60
30
63
19
7
90
15
64
18
9
23
23
21
173
154
174
171
17
16
70
11
24
102
152
66
150
17
16
14
13
28
25
71
77
70
69
68
69
70
83
10
12
49
43
61
15
7
43
27
80
41
20
37
110
61
61
82
82
55
25
20
27
34
61
26
41
55
29
38
27
27
30
27
27
30
27
29
31
30
38
21
20
27
104
146
13
67
60
7
22
19
39
17
24
20
28
107
93
89
90
91
90
90
90
90
90
89
90
94
95
105
119
112
112
114
109
115
137
37
59
71
59
64
75
136
118
132
126
46
124
148
27
23
24
23
30
43
26
29
15
52
26
28
5
50
43
9
63
29
25
26
37
27
20
108
28
112
22
24
43
40
9
38
34
110
75
13
15
15
21
45
46
35
51
17
72
34
160
143
78
8
34
8
20
72
60
21
17
66
108
119
65
60
27
16
27
42
29
12
24
35
114
85
17
15
16
16
8
18
106
127
146
108
67
49
23
74
17
12
59
27
26
33
40
73
55
40
21
38
55
24
30
16
29
13
19
45
82
118
80
58
146
99
132
59
45
14
13
27
43
43
52
47
29
30
185
30
29
24
21
116
104
62
87
50
32
111
70
69
46
62
17
37
36
110
70
63
28
37
24
26
62
24
26
24
21
21
20
20
20
10
13
39
20
12
34
30
43
32
88
25
66
34
38
17
69
67
22
69
47
76
25
29
0
14
27
30
60
58
53
56
65
13
68
40
77
45
21
103
111
42
36
23
118
57
36
25
28
28
34
56
38
49
31
47
35
19
41
72
30
55
43
59
55
47
17
46
36
57
84
58
23
43
35
121
119
108
99
102
98
101
99
97
101
100
97
103
100
112
90
80
79
82
78
84
96
76
80
80
75
77
82
81
77
79
77
85
77
86
77
86
89
24
22
22
35
18
0
47
29
34
63
57
48
29
67
98
83
20
22
48
31
38
67
46
15
58
61
15
56
68
39
32
36
52
60
26
42
52
21
17
55
24
17
239
229
22
62
80
46
43
16
61
17
59
38
32
84
41
25
20
33
67
16
109
46
7
73
42
34
30
16
39
19
22
33
38
22
10
24
22
21
130
86
76
72
33
51
39
43
71
27
35
88
55
79
68
60
93
65
66
15
138
117
80
36
54
19
16
29
12
22
128
34
55
33
81
17
40
97
77
52
49
31
44
53
235
18
31
39
36
9
45
40
20
29
134
133
62
91
130
39
14
3
25
37
66
62
44
58
61
72
19
84
48
37
32
38
41
33
35
28
30
34
28
22
19
152
119
74
63
42
106
98
63
99
44
72
59
58
57
58
70
21
53
69
53
60
73
54
48
59
117
90
10
23
43
57
53
50
48
45
43
42
43
44
45
43
46
44
48
52
59
33
11
32
13
14
51
31
24
54
17
14
49
28
109
36
39
35
21
26
49
32
55
50
14
37
28
36
33
29
44
54
56
36
35
38
35
38
77
50
46
53
45
72
57
43
45
38
46
36
36
38
69
37
67
57
34
58
69
44
28
115
92
25
32
49
29
54
53
114
25
50
51
67
22
58
53
61
63
30
50
45
37
15
45
13
80
21
65
99
49
32
32
27
40
40
41
21
57
25
25
48
46
49
20
51
10
43
42
22
47
75
42
82
13
40
56
65
33
66
23
71
53
29
13
23
76
32
47
38
32
95
26
47
17
49
30
34
41
58
24
61
60
12
27
23
71
17
32
94
114
61
62
43
44
55
71
51
41
58
31
35
37
57
50
53
35
55
33
35
41
44
45
43
12
32
34
21
70
73
32
34
67
70
25
59
48
46
45
45
47
50
46
56
51
56
33
35
24
48
52
31
22
61
32
74
57
18
103
79
27
39
40
106
68
23
42
68
46
88
145
17
105
63
46
45
50
30
153
20
52
20
33
79
54
63
65
70
27
45
60
41
25
52
42
30
93
86
39
47
85
44
50
83
47
26
45
74
46
11
122
43
85
73
87
72
19
54
48
38
54
27
32
39
33
33
33
32
30
31
29
26
33
27
28
19
65
71
41
52
49
53
33
66
43
81
70
32
36
59
28
44
41
36
16
27
41
43
24
15
49
9
50
38
34
117
14
33
71
45
75
20
25
25
49
59
40
66
34
34
27
67
28
44
102
20
53
46
46
46
14
26
25
40
19
19
25
49
69
67
41
29
31
26
11
11
27
18
18
72
69
34
19
16
42
59
38
30
15
64
58
46
14
30
64
62
120
47
49
33
30
26
119
52
36
67
35
69
62
36
114
17
81
68
14
95
48
26
42
28
29
90
45
49
38
28
64
35
50
48
70
45
52
33
77
28
72
15
23
56
55
24
33
17
16
57
55
0
108
48
36
39
17
139
34
27
28
31
40
74
36
38
45
19
61
131
33
42
36
38
41
28
70
22
42
36
33
24
35
41
90
40
36
38
45
57
38
37
35
39
34
40
40
37
57
41
24
31
105
50
52
67
81
82
20
21
33
51
35
39
61
30
32
50
37
32
78
52
16
29
91
56
22
31
102
35
33
25
27
38
71
27
31
23
17
19
12
17
17
27
20
16
30
71
36
52
16
58
38
31
29
31
35
33
15
21
22
29
20
30
76
24
75
18
23
58
41
92
28
29
37
73
14
13
48
59
41
22
23
28
46
13
29
16
101
17
15
49
50
55
53
54
54
17
64
63
65
65
47
11
9
30
41
22
18
55
12
27
15
135
14
33
128
55
110
20
9
18
60
24
13
49
49
45
96
82
87
61
36
33
45
17
142
14
14
28
30
18
18
46
90
26
86
132
10
17
20
43
40
46
144
62
49
48
47
54
70
7
14
14
35
5
3
4
3
11
14
20
19
18
25
42
44
16
19
30
28
30
28
31
27
31
26
28
28
33
27
27
21
26
36
30
38
30
35
30
35
18
24
23
30
15
18
8
19
4
38
10
45
50
13
13
20
16
21
14
12
34
16
21
25
32
15
29
38
30
23
62
18
14
26
27
58
38
12
13
26
27
17
28
24
26
37
47
53
16
43
24
41
10
13
17
40
31
21
22
15
6
38
42
20
18
17
14
45
15
44
28
17
10
14
14
17
48
25
6
6
14
9
15
10
34
15
43
43
39
6
12
15
11
41
52
60
7
29
8
32
43
6
38
26
7
56
8
10
19
18
10
42
16
23
29
21
30
25
11
46
37
9
18
21
21
31
30
26
30
25
50
24
63
37
40
35
24
35
40
22
15
22
16
20
8
7
55
31
20
43
15
42
35
14
16
13
74
33
58
13
81
30
48
18
16
28
35
36
16
14
68
25
24
27
94
36
35
31
22
24
11
28
13
10
13
14
32
39
23
16
18
48
47
44
24
23
8
20
54
24
24
31
37
14
21
59
25
32
49
16
19
80
30
50
39
15
21
36
35
32
37
43
59
17
28
14
24
60
15
40
25
22
20
29
32
34
28
29
31
40
30
13
34
36
38
32
36
53
61
34
61
30
35
29
16
15
23
20
21
22
22
23
25
23
24
29
28
10
6
7
6
5
5
15
37
11
12
6
8
6
21
22
23
29
13
7
5
25
15
14
14
61
80
4
28
33
39
13
34
15
24
24
2
2
8
12
13
23
10
13
26
12
11
15
23
17
17
11
14
17
18
4
8
17
31
23
34
17
28
20
26
28
28
20
27
12
25
8
23
9
17
4
5
31
23
25
30
44
3
24
26
13
17
23
27
8
8
5
4
5
11
27
34
17
9
27
6
22
12
16
18
8
11
21
13
28
12
9
14
11
15
13
0
20
22
21
12