14
40
42
49
39
132
39
18
50
23
14
58
30
47
74
12
44
20
71
22
10
33
44
45
27
50
43
47
38
10
17
37
22
30
46
80
79
65
82
81
75
16
47
45
66
52
34
36
33
37
24
27
26
38
35
42
57
15
60
25
20
14
41
34
34
38
44
41
47
41
41
40
60
39
57
35
31
18
29
22
27
29
52
57
43
50
48
54
49
38
18
21
16
74
28
37
72
46
55
51
48
49
13
6
10
7
15
31
83
45
46
10
18
18
27
21
16
37
22
23
12
11
27
33
55
25
20
10
33
35
18
21
19
23
27
23
18
20
16
16
26
47
15
26
90
30
13
13
24
26
20
32
25
40
15
84
17
40
16
49
80
13
33
30
18
33
30
25
17
19
35
26
26
60
28
36
35
46
40
47
44
28
40
27
51
14
26
41
116
122
128
112
29
27
20
6
18
28
16
26
19
66
61
37
19
15
87
18
47
24
10
22
13
27
12
17
15
12
18
16
18
20
15
31
17
26
15
13
14
11
16
19
21
12
37
23
21
25
24
26
53
22
78
33
49
4
24
19
22
11
18
74
16
9
31
85
31
11
33
29
9
12
20
12
10
37
38
36
37
29
9
50
28
50
33
36
11
66
38
29
38
30
41
23
33
39
50
47
31
10
44
3
18
14
29
29
17
10
15
27
33
33
25
22
26
17
32
28
30
19
22
14
34
20
26
35
20
17
12
24
20
33
19
21
13
18
22
20
31
67
13
34
38
33
33
48
12
29
14
32
26
62
23
28
34
31
3
3
17
35
120
142
125
129
140
139
33
22
18
21
7
32
16
23
26
16
23
19
17
20
25
35
31
31
25
43
20
17
28
62
15
40
17
42
60
38
31
40
35
51
12
25
41
43
24
39
34
25
29
18
33
44
36
10
14
26
29
19
11
7
14
10
13
25
53
21
10
29
10
14
11
14
10
15
15
9
35
31
20
9
25
11
22
62
33
32
26
24
26
22
19
10
20
39
26
13
20
33
83
10
14
13
20
13
13
72
8
9
6
13
11
9
26
10
12
7
18
10
12
14
8
6
4
14
9
8
10
15
36
20
24
32
18
30
42
35
13
41
28
58
30
53
7
9
10
9
19
14
61
49
9
47
47
49
34
18
7
13
19
11
12
10
20
22
14
61
25
43
9
9
34
10
39
35
17
40
66
12
60
18
22
30
25
45
16
40
47
49
17
17
30
15
9
15
8
20
8
8
9
15
26
8
20
34
27
26
11
27
31
21
21
22
25
16
6
34
30
24
27
47
37
30
29
26
42
26
60
63
66
62
13
14
13
21
13
24
13
14
13
17
12
18
6
7
7
29
31
20
13
23
68
72
8
32
9
13
51
38
17
48
46
6
13
36
48
13
36
39
35
36
44
34
30
26
14
37
40
38
48
32
11
17
9
20
27
8
7
40
41
26
23
34
20
31
24
23
16
11
12
47
25
10
37
7
38
39
35
24
11
23
53
41
16
15
7
26
24
9
11
38
28
17
20
18
18
36
27
42
19
16
25
15
4
33
30
37
29
12
29
29
21
6
8
36
9
21
15
5
31
36
11
18
14
16
13
47
22
9
13
12
11
27
41
34
31
41
35
44
42
45
46
45
43
41
44
10
26
33
20
18
11
30
23
16
10
14
18
21
20
9
40
10
42
49
52
17
21
59
34
46
58
53
50
53
29
15
10
37
27
10
11
44
48
57
51
63
54
42
22
25
28
32
36
12
13
39
20
17
19
13
21
25
23
18
19
15
12
19
19
16
17
22
14
10
30
15
30
14
45
31
77
70
55
31
21
34
31
29
33
34
38
41
27
31
35
29
43
13
13
13
26
16
23
20
48
14
15
14
14
12
14
35
21
23
61
61
64
64
16
29
11
27
29
15
23
12
50
82
21
26
24
5
45
11
61
11
10
8
13
16
16
12
10
47
23
21
17
15
15
40
29
10
15
13
22
18
27
40
22
30
18
28
53
26
24
14
11
21
39
38
32
76
60
8
49
42
24
25
10
30
29
15
20
20
12
32
44
49
59
16
28
36
32
20
13
9
9
29
22
13
10
16
6
15
30
55
38
15
13
14
23
7
21
33
7
9
15
53
19
26
20
20
20
23
19
23
22
24
58
55
61
32
28
7
53
9
12
15
15
10
20
18
16
13
11
9
9
12
8
11
10
11
14
9
9
11
10
9
11
10
9
14
8
15
9
8
15
17
7
13
12
9
8
15
10
16
13
13
17
8
9
24
28
24
24
9
15
15
34
17
23
17
7
69
65
59
40
11
12
15
62
38
11
33
10
22
16
30
0
8
39
26
11
13
19
6
12
7
15
7
11
7
8
53
11
8
7
94
7
28
17
22
12
30
18
6
108
2
31
30
20
32
37
36
21
28
21
24
37
9
14
43
50
21
30
6
27
20
14
14
39
21
27
22
20
19
19
22
8
18
28
23
28
10
30
20
22
13
22
16
23
21
23
31
20
24
13
36
49
35
30
36
19
22
11
14
32
14
13
41
33
39
9
26
15
24
38
33
22
24
45
47
40
40
45
50
46
43
41
51
46
44
37
12
15
29
30
34
29
31
35
25
26
40
27
14
13
20
22
59
16
30
67
31
30
33
35
40
37
40
18
17
21
38
22
20
37
44
26
19
16
10
22
21
40
32
13
19
13
13
32
25
14
9
13
24
42
27
16
35
19
14
15
15
13
30
16
28
24
36
23
21
13
18
12
56
9
16
27
0
14
33
26
22
30
22
24
21
32
39
22
26
24
31
18
9
11
18
17
19
8
7
10
13
11
12
12
6
10
13
10
9
9
5
7
7
17
8
16
18
16
9
12
20
13
12
44
13
45
29
38
28
31
29
29
36
35
33
38
41
32
31
31
42
28
36
8
37
16
36
28
11
32
118
74
92
12
14
6
12
22
18
61
66
62
47
63
20
28
58
14
22
26
21
43
58
46
61
10
17
17
19
21
65
16
15
35
27
18
39
10
57
55
49
46
44
32
26
31
33
30
24
28
27
55
45
46
28
19
31
20
16
18
19
9
13
58
14
47
53
49
80
30
12
68
20
8
30
29
39
23
34
23
36
40
17
33
31
34
33
23
23
40
40
25
40
42
26
41
12
45
23
20
31
31
34
28
29
28
26
30
67
32
26
20
19
19
17
25
21
19
19
27
27
27
31
30
30
29
31
33
32
11
11
11
23
23
27
20
23
22
24
23
23
35
30
22
32
14
12
23
52
36
48
33
37
19
8
5
15
35
31
35
18
15
50
54
49
18
15
14
14
15
20
18
19
24
20
27
23
25
19
14
30
25
23
21
11
21
28
19
28
14
26
22
19
19
24
33
38
30
55
9
12
11
13
12
57
14
21
20
10
8
76
21
21
24
56
47
28
40
33
21
10
46
58
14
27
21
13
27
19
15
38
32
25
28
13
21
20
31
34
33
36
22
24
34
27
23
9
43
42
23
13
26
31
24
21
20
22
14
17
22
22
14
23
13
12
25
14
25
14
19
20
19
16
23
26
25
15
23
21
16
23
12
10
22
16
18
16
29
13
20
13
47
44
52
24
39
19
14
23
57
56
47
45
45
49
46
21
28
88
32
40
16
26
32
26
14
29
26
28
28
29
22
31
20
47
20
61
35
33
39
38
37
37
37
46
42
29
32
35
26
19
25
22
8
17
8
10
62
23
18
16
18
17
23
49
14
13
17
29
34
35
23
7
17
28
36
40
33
36
26
26
28
33
31
29
29
24
19
38
45
56
33
14
28
18
25
14
22
21
25
26
13
12
40
17
19
33
39
35
42
46
37
40
46
43
20
37
32
48
48
58
40
29
15
77
4
4
32
28
46
41
23
44
25
49
33
39
16
38
29
28
25
60
17
13
13
19
17
10
65
44
41
46
21
18
19
18
23
20
19
33
19
28
31
31
29
21
23
52
20
18
8
25
73
20
44
27
25
25
19
25
19
27
28
28
83
36
22
80
28
13
9
10
10
25
23
48
42
10
23
21
13
13
18
18
12
10
19
5
19
12
21
13
14
13
15
10
15
13
12
13
13
13
19
19
15
12
22
14
19
15
10
19
10
11
16
15
12
14
10
10
13
10
14
10
9
20
8
15
13
16
9
11
21
18
25
19
33
29
21
48
26
54
12
23
67
49
18
62
5
33
24
48
18
15
35
21
21
22
20
56
101
16
68
10
59
24
28
20
17
24
5
23
18
23
23
23
28
30
25
19
27
11
35
27
21
23
20
6
18
33
25
29
16
21
37
24
19
24
20
21
33
14
23
13
35
14
15
66
63
46
46
52
74
73
37
74
42
56
58
67
57
50
65
52
42
36
41
66
40
64
46
43
57
100
52
47
53
47
64
35
35
24
32
23
13
50
37
37
7
79
54
11
8
38
67
10
25
23
61
59
57
9
10
32
17
10
44
25
30
11
11
14
24
37
52
14
47
11
11
61
23
12
12
51
48
35
56
15
64
12
12
12
67
8
13
12
34
15
32
49
11
25
28
21
36
24
27
16
14
31
35
44
36
40
48
32
40
27
33
34
43
29
33
36
38
36
29
37
34
32
33
27
47
22
39
30
30
23
49
29
13
35
27
23
22
20
42
25
48
30
48
8
13
13
23
21
22
29
30
34
28
8
114
30
51
55
101
8
66
3
5
23
17
23
32
19
16
0
16
15
15
15
11
78
32
39
58
14
78
13
36
16
12
24
14
42
24
40
27
23
27
32
31
21
93
16
15
29
19
87
26
19
22
22
19
119
67
19
19
20
14
14
36
21
18
22
20
60
77
11
33
22
21
23
28
25
33
29
26
18
17
17
18
19
24
23
22
19
17
19
17
25
26
24
23
23
20
22
24
20
18
43
40
21
24
23
21
23
23
25
18
24
19
23
28
24
21
20
27
29
25
26
29
22
29
23
27
22
23
25
26
20
23
13
25
24
28
24
28
18
23
22
24
27
29
21
28
12
33
25
30
23
28
27
26
21
26
73
69
11
7
22
20
27
24
28
44
134
97
68
60
22
49
9
43
76
17
16
23
60
55
13
20
42
17
29
45
27
31
29
26
27
27
27
26
27
27
28
21
27
41
24
29
21
73
51
36
36
44
17
23
10
10
18
36
67
23
17
28
30
21
18
26
57
74
21
16
14
19
21
43
26
25
24
26
25
25
38
24
50
36
34
11
6
30
34
96
37
21
33
15
52
15
17
36
8
5
28
25
29
27
19
13
13
37
22
12
28
25
37
6
42
14
27
21
50
46
46
45
47
15
34
17
34
32
18
20
26
13
21