209011
816011
1024011
1079011
2830011
2831011
3188011
6943011
6917011
7140011
11124011
7624011
10847011
10878011
10940011
11110011
11243011
13263011
13279011
16327011
16414011
16429011
16643011
16642011
16646011
15011
48011
73011
74011
122011
123011
198011
210011
343011
579011
926011
892011
898011
1025011
2028011
2168011
3460011
3461011
4474011
4640011
4756011
4956011
5263011
5318011
5207011
5647011
5820011
6312011
6356011
6519011
6527011
7016011
7639011
7874011
7809011
8233011
8427011
10751011
11090011
11276011
11251011
11295011
12207011
12620011
13181011
13354011
13595011
13723011
13691011
13646011
13673011
13888011
14072011
14074011
14073011
14249011
14182011
14348011
14471011
14640011
14639011
14701011
14832011
14989011
15017011
14901011
15271011
15944011
16210011
16024011
16325011
16454011
16431011
16467011
16457011
16513011
16546011
16552011
16613011
16693011
16721011
32011
41011
54011
72011
82011
85011
125011
127011
115011
148011
243011
281011
338011
310011
366011
394011
418011
605011
598011
669011
660011
827011
920011
964011
969011
1037011
1038011
1116011
1117011
1300011
1566011
2372011
2986011
3187011
3212011
3273011
3452011
4381011
4588011
4609011
4875011
5077011
5079011
5198011
5622011
5959011
5956011
5995011
6052011
6115011
6116011
6296011
6555011
6565011
6453011
6596011
6388011
6642011
7067011
7022011
6974011
7027011
7047011
7050011
6953011
7620011
7622011
7509011
7844011
7820011
8069011
8154011
8327011
8387011
8378011
8635011
9160011
8987011
9536011
9803011
10318011
10320011
10610011
10661011
10954011
10993011
10968011
11017011
11124011
11204011
11157011
11225011
11299011
11298011
11302011
11314011
11397011
11193011
11777011
11827011
11946011
11853011
12228011
12340011
12408011
12661011
12753011
13404011
13512011
13525011
13541011
13631011
13641011
13623011
13606011
13650011
13754011
13767011
13779011
12863011
14055011
14014011
14409011
14416011
14419011
14516011
14486011
14485011
14576011
14581011
14616011
14765011
14777011
14857011
14854011
15005011
15039011
14476011
15198011
15295011
15314011
15910011
15941011
15966011
15993011
15996011
16058011
16364011
16361011
16395011
16387011
16399011
16412011
16494011
16459011
16413011
16434011
16458011
16455011
16488011
16501011
16526011
16654011
16551011
16590011
16591011
16653011
16749011
16753011