0 13424011
0 13423011
0 13422011
0 13419011
0 13415011
0 13414011
0 13413011
0 13411011
0 13410011
0 13408011
0 13405011
0 13404011
0 13402011
0 13401011
0 13397011
0 13395011
0 13394011
0 13393011
0 13390011
0 13389011
0 13379011
0 13378011
0 13374011
0 13368011
0 13367011
0 13366011
0 13360011
0 13359011
0 13358011
0 13356011
0 13354011
0 13353011
1 13352011
0 13346011
0 13345011
0 13343011
0 13342011
0 13341011
0 13338011
0 13337011
0 13335011
0 13333011
0 13331011
0 13330011
0 13328011
0 13327011
0 13326011
0 13320011
0 13319011
0 13318011
0 13314011
0 13309011
0 13307011
0 13306011
0 13301011
0 13300011
0 13298011
0 13297011
0 13296011
0 13295011
0 13291011
0 13290011
0 13289011
0 13284011
0 13280011
0 13279011
0 13278011
0 13277011
0 13275011
0 13273011
0 13272011
0 13266011
0 13264011
0 13263011
0 13262011
0 13261011
0 13260011
0 13259011
0 13257011
0 13256011
0 13254011
0 13252011
0 13250011
0 13249011
0 13248011
0 13244011
0 13243011
0 13242011
0 13239011
0 13238011
0 13237011
0 13236011
0 13235011
0 13234011
0 13233011
0 13231011
0 13230011
0 13228011
0 13227011
0 13226011
0 13219011
0 13218011
0 13217011
0 13216011
0 13215011
0 13210011
0 13209011
1 13208011
1 13207011
0 13205011
0 13202011
0 13201011
0 13199011
0 13197011
0 13196011
0 13195011
0 13194011
0 13190011
0 13189011
0 13184011
0 13183011
0 13182011
0 13181011
0 13180011
0 13179011
0 13178011
0 13177011
0 13173011
0 13171011
0 13170011
0 13169011
0 13168011
0 13167011
0 13163011
0 13161011
0 13158011
0 13155011
0 13154011
0 13152011
0 13151011
0 13150011
0 13148011
0 13147011
0 13146011
0 13145011
0 13144011
1 13142011
0 13141011
0 13140011
1 13138011
0 13137011
0 13136011
0 13135011
0 13133011
0 13132011
0 13131011
0 13130011
0 13129011
0 13128011
0 13127011
0 13124011
0 13121011
0 13120011
0 13119011
0 13115011
0 13114011
0 13111011
0 13110011
0 13109011
0 13107011
0 13106011
0 13105011
0 13104011
0 13103011
0 13102011
0 13100011
0 13098011
0 13097011
1 13096011
0 13093011
0 13092011
0 13091011
1 13090011
1 13088011
0 13082011
0 13081011
0 13080011
0 13078011
0 13077011
0 13076011
0 13075011
0 13074011
0 13072011
0 13071011
0 13070011
0 13069011
0 13066011
0 13063011
0 13062011
0 13060011
0 13059011
0 13056011
0 13055011
0 13053011
0 13051011
0 13050011
1 13047011
0 13044011
0 13043011
0 13042011
0 13039011
0 13038011
0 13037011
0 13036011
0 13035011
0 13034011
0 13032011
0 13028011
0 13026011
0 13025011
0 13024011
0 13023011
0 13022011
0 13021011
0 13019011
0 13018011
0 13017011
0 13016011
0 13012011
0 13010011
0 13008011
0 13007011
0 13005011
0 13004011
0 13003011
0 13001011
0 13000011
0 12998011
0 12994011
0 12993011
0 12992011
0 12990011
0 12989011
0 12986011
0 12985011
0 12983011
0 12982011
0 12979011
0 12978011
0 12977011
0 12975011
0 12973011
0 12971011
0 12969011
0 12967011
0 12966011
0 12965011
0 12963011
0 12962011
0 12961011
0 12960011
0 12958011
0 12957011
0 12956011
0 12955011
0 12953011
0 12952011
0 12950011
0 12946011
0 12944011
0 12943011
0 12942011
0 12941011
0 12940011
0 12937011
0 12936011
0 12935011
0 12934011
0 12928011
0 12927011
0 12926011
0 12925011
0 12924011
0 12923011
0 12922011
0 12921011
0 12919011
0 12917011
1 12915011
0 12914011
0 12911011
0 12910011
0 12908011
0 12906011
0 12905011
0 12904011
0 12903011
0 12902011
0 12901011
0 12897011
0 12896011
0 12895011
0 12892011
0 12889011
0 12888011
0 12887011
0 12882011
0 12881011
0 12879011
0 12878011
0 12876011
0 12875011
0 12874011
0 12873011
0 12869011
0 12868011
0 12867011
1 12864011
0 12863011
0 12860011
0 12854011
0 12853011
0 12852011
0 12851011
0 12850011
0 12849011
0 12848011
0 12847011
0 12844011
0 12841011
0 12840011
0 12837011
0 12836011
0 12835011
0 12834011
0 12833011
0 12832011
0 12829011
0 12828011
0 12826011
0 12824011
0 12821011
0 12820011
0 12818011
0 12817011
0 12816011
0 12813011
0 12812011
0 12811011
0 12810011
0 12808011
0 12807011
0 12804011
0 12803011
0 12802011
0 12801011
0 12798011
0 12797011
0 12794011
0 12793011
0 12791011
1 12790011
0 12788011
0 12784011
0 12780011
0 12779011
0 12776011
0 12775011
0 12772011
0 12768011
0 12767011
0 12766011
0 12765011
0 12764011
0 12763011
0 12762011
0 12761011
0 12760011
0 12759011
0 12756011
0 12755011
0 12754011
0 12753011
0 12752011
0 12751011
0 12750011
0 12747011
0 12746011
0 12745011
0 12739011
0 12738011
1 12734011
0 12733011
0 12732011
0 12731011
0 12730011
0 12728011
0 12727011
0 12726011
0 12725011
0 12723011
0 12722011
0 12720011
0 12719011
0 12717011
0 12716011
0 12715011
0 12714011
0 12713011
0 12712011
0 12711011
0 12710011
0 12709011
0 12706011
0 12704011
0 12699011
0 12698011
0 12697011
0 12696011
0 12693011
0 12691011
0 12690011
0 12689011
0 12688011
0 12686011
0 12685011
0 12680011
0 12679011
0 12678011
0 12676011
0 12675011
0 12672011
0 12671011
0 12670011
0 12667011
0 12664011
0 12662011
0 12661011
0 12660011
0 12658011
0 12657011
0 12656011
0 12655011
0 12653011
0 12651011
0 12649011
0 12648011
0 12647011
0 12646011
0 12644011
0 12643011
0 12639011
0 12638011
0 12637011
0 12634011
0 12633011
0 12632011
0 12625011
0 12620011
0 12617011
0 12616011
0 12613011
0 12612011
0 12607011
0 12605011
0 12604011
0 12602011
0 12601011
0 12599011
0 12598011
0 12595011
0 12594011
0 12590011
0 12583011
0 12581011
0 12580011
0 12579011
0 12576011
0 12574011
0 12571011
0 12570011
0 12568011
0 12566011
0 12564011
0 12562011
0 12559011
0 12558011
0 12557011
0 12555011
0 12553011
0 12552011
0 12551011
0 12549011
0 12547011
0 12543011
0 12541011
0 12540011
0 12537011
0 12536011
0 12535011
0 12534011
0 12533011
0 12531011
0 12526011
0 12525011
1 12521011
0 12520011
0 12519011
0 12515011
0 12513011
0 12512011
0 12510011
0 12507011
0 12505011
0 12503011
0 12502011
0 12501011
0 12498011
0 12496011
0 12495011
0 12494011
0 12490011
0 12488011
0 12487011
0 12486011
0 12483011
0 12482011
0 12479011
0 12477011
0 12475011
0 12474011
0 12472011
0 12470011
0 12466011
0 12464011
0 12462011
0 12457011
0 12456011
0 12455011
0 12453011
0 12443011
0 12438011
0 12437011
0 12436011
0 12433011
0 12432011
0 12431011
0 12425011
0 12423011
0 12422011
0 12421011
0 12420011
0 12419011
0 12418011
0 12417011
0 12416011
0 12415011
0 12412011
0 12411011
0 12409011
0 12408011
0 12407011
0 12405011
0 12404011
0 12402011
0 12401011
0 12400011
0 12399011
0 12398011
0 12395011
0 12392011
0 12391011
0 12388011
0 12387011
0 12386011
0 12384011
0 12379011
0 12377011
0 12372011
0 12371011
0 12369011
0 12368011
0 12366011
0 12365011
0 12364011
0 12361011
0 12358011
0 12354011
0 12352011
0 12351011
0 12350011
0 12348011
0 12347011
0 12346011
0 12345011
0 12343011
0 12341011
0 12340011
0 12339011
0 12338011
0 12332011
0 12331011
0 12329011
0 12324011
0 12323011
0 12322011
1 12321011
0 12320011
0 12319011
0 12318011
0 12316011
0 12315011
0 12314011
0 12313011
0 12312011
0 12311011
0 12310011
0 12308011
0 12305011
0 12304011
0 12301011
0 12300011
0 12298011
0 12297011
0 12296011
0 12295011
0 12293011
0 12292011
0 12290011
0 12288011
0 12287011
0 12285011
0 12284011
0 12283011
0 12282011
0 12281011
0 12280011
0 12279011
0 12278011
0 12277011
0 12276011
0 12272011
0 12271011
0 12266011
0 12263011
0 12259011
0 12258011
0 12257011
0 12256011
0 12255011
0 12254011
0 12253011
0 12252011
0 12249011
0 12247011
0 12246011
0 12244011
0 12237011
0 12233011
0 12232011
0 12231011
0 12230011
0 12228011
0 12227011
0 12226011
0 12224011
0 12219011
0 12218011
0 12217011
0 12215011
0 12214011
0 12212011
0 12209011
0 12208011
0 12207011
0 12205011
0 12203011
0 12202011
0 12201011
0 12200011
0 12199011
0 12196011
0 12194011
0 12193011
0 12191011
0 12190011
0 12186011
0 12184011
0 12181011
0 12180011
0 12179011
1 12177011
0 12175011
0 12174011
0 12173011
0 12172011
0 12170011
0 12169011
0 12168011
0 12167011
0 12164011
0 12163011
0 12160011
0 12156011
0 12151011
0 12144011
0 12143011
0 12142011
0 12140011
0 12137011
0 12136011
0 12134011
0 12132011
0 12131011
0 12130011
0 12129011
0 12128011
0 12127011
0 12126011
0 12124011
0 12123011
0 12120011
0 12118011
0 12117011
0 12115011
0 12114011
0 12113011
0 12111011
0 12110011
1 12109011
0 12107011
0 12106011
0 12105011
0 12104011
0 12103011
0 12102011
1 12100011
0 12098011
0 12097011
0 12096011
0 12094011
0 12093011
0 12090011
0 12089011
0 12088011
0 12087011
0 12086011
0 12083011
1 12082011
0 12081011
0 12080011
0 12079011
0 12078011
0 12077011
0 12074011
0 12073011
0 12068011
0 12065011
0 12064011
0 12063011
0 12061011
0 12058011
0 12057011
0 12056011
0 12054011
0 12051011
0 12050011
0 12049011
0 12048011
0 12047011
0 12045011
0 12044011
0 12041011
0 12039011
0 12036011
0 12031011
0 12027011
0 12026011
0 12025011
0 12023011
0 12022011
0 12021011
0 12020011
0 12019011
0 12016011
0 12013011
0 12011011
0 12010011
0 12006011
0 12005011
0 12004011
0 12003011
0 12002011
0 11999011
0 11998011
0 11996011
0 11995011
0 11994011
0 11993011
0 11992011
1 11991011
0 11990011
0 11989011
0 11988011
0 11987011
0 11986011
0 11984011
0 11982011
0 11981011
0 11980011
0 11979011
0 11978011
0 11977011
0 11976011
0 11972011
0 11968011
0 11967011
0 11965011
0 11964011
0 11962011
0 11960011
0 11958011
0 11957011
0 11956011
0 11955011
1 11954011
0 11953011
0 11946011
0 11944011
0 11942011
0 11940011
0 11939011
0 11937011
0 11934011
0 11933011
0 11930011
0 11929011
0 11928011
0 11927011
0 11925011
0 11921011
0 11916011
0 11915011
0 11913011
1 11911011
0 11906011
0 11903011
0 11902011
0 11901011
0 11900011
0 11899011
0 11898011
0 11897011
0 11896011
0 11895011
0 11894011
0 11893011
0 11891011
0 11886011
0 11885011
0 11882011
0 11880011
0 11878011
0 11876011
0 11875011
0 11871011
0 11870011
0 11869011
0 11866011
0 11863011
0 11860011
0 11859011
0 11857011
0 11856011
0 11855011
0 11854011
0 11853011
0 11852011
0 11850011
0 11849011
0 11846011
0 11845011
0 11840011
0 11839011
0 11836011
0 11835011
0 11832011
0 11831011
0 11829011
0 11828011
0 11827011
0 11825011
0 11824011
0 11823011
0 11822011
0 11821011
0 11819011
0 11817011
0 11816011
0 11811011
0 11810011
0 11809011
0 11808011
0 11806011
0 11804011
0 11803011
0 11799011
0 11797011
0 11796011
0 11795011
0 11794011
0 11792011
0 11790011
0 11789011
0 11787011
0 11784011
0 11781011
0 11778011
0 11777011
0 11776011
0 11774011
0 11773011
0 11768011
0 11767011
0 11763011
0 11762011
0 11760011
0 11759011
1 11757011
1 11756011
0 11752011
0 11748011
0 11747011
0 11746011
0 11745011
0 11744011
0 11743011
0 11742011
0 11740011
0 11737011
1 11734011
0 11732011
0 11731011
0 11729011
0 11728011
0 11727011
0 11725011
0 11724011
0 11723011
1 11721011
0 11720011
0 11718011
0 11717011
0 11716011
0 11714011
0 11713011
0 11712011
0 11711011
0 11707011
0 11706011
0 11705011
0 11704011
0 11701011
0 11700011
0 11699011
0 11698011
0 11696011
0 11695011
0 11692011
0 11691011
0 11690011
0 11688011
1 11686011
0 11685011
0 11684011
0 11683011
0 11682011
0 11681011
0 11680011
0 11679011
0 11678011
0 11677011
0 11671011
0 11669011
0 11668011
0 11666011
0 11662011
0 11660011
0 11659011
0 11655011
0 11654011
0 11651011
0 11650011
0 11644011
0 11641011
0 11640011
0 11639011
0 11638011
0 11637011
0 11630011
0 11629011
0 11625011
0 11624011
0 11623011
0 11622011
1 11621011
1 11620011
0 11619011
0 11618011
0 11614011
0 11611011
0 11609011
0 11605011
0 11604011
0 11603011
0 11601011
0 11600011
0 11599011
0 11598011
0 11597011
0 11596011
0 11594011
0 11593011
0 11592011
0 11590011
0 11589011
0 11588011
0 11587011
0 11586011
0 11585011
0 11584011
0 11583011
0 11582011
0 11581011
0 11580011
0 11578011
0 11577011
0 11574011
0 11572011
0 11571011
0 11570011
0 11569011
0 11568011
0 11567011
0 11566011
0 11565011
0 11564011
1 11561011
0 11560011
0 11555011
0 11552011
1 11550011
0 11549011
0 11548011
0 11547011
0 11546011
0 11544011
0 11540011
0 11539011
0 11537011
0 11536011
0 11535011
0 11531011
0 11529011
0 11528011
0 11527011
0 11526011
0 11525011
0 11523011
0 11522011
0 11520011
0 11519011
0 11518011
0 11516011
0 11514011
0 11513011
0 11511011
0 11510011
0 11508011
0 11506011
0 11505011
0 11503011
0 11502011
0 11501011
0 11500011
0 11498011
0 11496011
0 11494011
0 11493011
0 11491011
0 11489011
0 11485011
0 11480011
0 11479011
0 11475011
0 11473011
0 11472011
0 11470011
0 11469011
0 11467011
0 11459011
0 11458011
0 11456011
0 11455011
0 11451011
0 11449011
0 11448011
0 11446011
0 11444011
0 11443011
1 11442011
0 11441011
0 11440011
0 11439011
0 11438011
0 11437011
0 11434011
0 11431011
0 11430011
1 11429011
0 11428011
0 11427011
0 11426011
0 11422011
0 11421011
0 11419011
0 11418011
0 11417011
0 11413011
0 11411011
0 11410011
0 11408011
0 11407011
0 11406011
0 11405011
1 11404011
0 11401011
0 11400011
0 11397011
0 11396011
0 11395011
0 11394011
0 11392011
0 11391011
0 11390011
0 11386011
0 11385011
0 11382011
0 11380011
0 11379011
0 11378011
0 11374011
0 11373011
0 11372011
0 11371011
0 11368011
0 11365011
0 11364011
0 11363011
0 11362011
0 11360011
0 11359011
0 11357011
0 11354011
0 11352011
0 11351011
1 11350011
0 11347011
0 11346011
0 11345011
0 11343011
0 11342011
0 11341011
0 11340011
0 11338011
0 11337011
0 11335011
0 11334011
0 11333011
0 11332011
0 11331011
0 11330011
0 11329011
1 11328011
0 11327011
0 11326011
0 11325011
0 11324011
0 11323011
0 11322011
0 11314011
0 11312011
0 11308011
0 11307011
0 11303011
0 11302011
0 11299011
0 11298011
0 11297011
0 11296011
0 11295011
0 11294011
0 11293011
0 11290011
0 11289011
0 11288011
0 11287011
0 11286011
0 11285011
0 11284011
0 11283011
0 11282011
0 11279011
0 11278011
0 11276011
0 11275011
0 11274011
0 11273011
0 11271011
0 11270011
0 11267011
0 11264011
0 11263011
0 11262011
0 11261011
0 11258011
0 11256011
0 11255011
0 11253011
0 11252011
0 11251011
0 11250011
0 11247011
1 11245011
0 11243011
0 11242011
0 11241011
0 11237011
0 11235011
0 11232011
0 11231011
0 11230011
0 11227011
0 11225011
0 11224011
0 11221011
0 11219011
0 11218011
0 11217011
0 11215011
0 11214011
0 11213011
0 11212011
0 11209011
0 11208011
0 11205011
0 11204011
0 11203011
0 11202011
0 11197011
0 11195011
0 11194011
0 11193011
0 11192011
0 11191011
0 11188011
0 11187011
0 11184011
0 11181011
0 11178011
0 11175011
0 11174011
0 11171011