0 5072170
0 5070170
0 5069170
0 5066170
0 5065170
0 5064170
0 5063170
0 5062170
0 5060170
0 5059170
0 5057170
0 5056170
0 5054170
0 5052170
0 5051170
0 5050170
0 5048170
0 5047170
0 5045170
0 5044170
0 5043170
0 5042170
0 5041170
0 5039170
0 5037170
0 5036170
0 5035170
0 5034170
0 5033170
0 5032170
0 5031170
0 5030170
0 5029170
0 5028170
0 5027170
0 5026170
0 5025170
0 5024170
0 5023170
0 5022170
0 5021170
0 5020170
0 5019170
0 5018170
0 5017170
0 5016170
0 5015170
0 5014170
0 5013170
0 5012170
0 5011170
0 5010170
0 5009170
0 5008170
0 5007170
0 5006170
0 5004170
0 5003170
0 5002170
0 5000170
0 4998170
0 4996170
0 4995170
0 4994170
0 4990170
0 4989170
0 4988170
0 4985170
0 4984170
0 4983170
0 4982170
0 4980170
0 4979170
0 4978170
0 4973170
0 4972170
0 4971170
0 4970170
0 4968170
0 4967170
0 4966170
0 4964170
0 4962170
0 4959170
0 4958170
0 4957170
0 4956170
0 4955170
0 4954170
0 4953170
0 4952170
0 4950170
0 4949170
0 4948170
0 4947170
0 4945170
0 4944170
0 4942170
0 4941170
0 4940170
0 4939170
0 4935170
0 4934170
0 4933170
0 4931170
0 4930170
0 4928170
0 4926170
0 4925170
0 4924170
0 4923170
0 4922170
0 4921170
0 4918170
0 4917170
0 4915170
0 4914170
0 4913170
0 4910170
0 4908170
0 4906170
0 4904170
0 4903170
0 4902170
0 4901170
0 4897170
0 4891170
0 4889170
0 4888170
0 4886170
0 4883170
0 4881170
0 4879170
0 4877170
0 4876170
0 4870170
0 4869170
0 4867170
0 4865170
0 4863170
0 4861170
0 4859170
0 4858170
0 4856170
0 4855170
0 4854170
0 4851170
0 4850170
0 4849170
0 4847170
0 4846170
0 4845170
0 4844170
0 4843170
0 4841170
0 4840170
0 4839170
0 4838170
0 4837170
0 4836170
0 4834170
0 4832170
0 4831170
0 4830170
0 4829170
0 4828170
0 4827170
0 4826170
0 4823170
0 4821170
0 4820170
0 4818170
0 4811170
0 4810170
0 4808170
0 4798170
0 4797170
0 4795170
0 4792170
0 4788170
0 4787170
0 4783170
0 4782170
0 4780170
0 4779170
0 4774170
0 4767170
0 4766170
0 4765170
0 4764170
0 4763170
0 4762170
0 4758170
0 4757170
0 4756170
0 4755170
0 4754170
0 4752170
0 4751170
0 4749170
0 4748170
0 4747170
0 4746170
0 4744170
0 4742170
0 4740170
0 4739170
0 4736170
0 4734170
0 4733170
0 4728170
0 4727170
0 4726170
0 4725170
0 4724170
0 4723170
0 4722170
0 4721170
0 4720170
0 4719170
0 4718170
0 4715170
0 4714170
0 4712170
0 4711170
0 4710170
0 4709170
0 4708170
0 4707170
0 4706170
0 4705170
0 4704170
0 4703170
0 4701170
0 4699170
0 4698170
0 4697170
0 4693170
0 4692170
0 4691170
0 4688170
0 4687170
0 4686170
0 4685170
0 4684170
0 4682170
0 4681170
0 4678170
0 4677170
0 4676170
0 4674170
0 4673170
0 4672170
0 4671170
0 4670170
0 4668170
0 4667170
0 4666170
0 4665170
0 4663170
0 4660170
0 4659170
0 4658170
0 4657170
0 4656170
0 4654170
0 4653170
0 4651170
0 4648170
0 4647170
0 4646170
0 4645170
0 4644170
0 4643170
0 4642170
0 4639170
0 4636170
0 4635170
0 4634170
0 4633170
0 4632170
0 4631170
0 4629170
0 4628170
0 4627170
0 4626170
0 4625170
0 4624170
0 4622170
0 4621170
0 4620170
0 4618170
0 4617170
0 4616170
0 4615170
0 4614170
0 4613170
0 4611170
0 4609170
0 4608170
0 4607170
0 4606170
0 4605170
0 4604170
0 4603170
0 4602170
0 4601170
0 4600170
0 4599170
0 4598170
0 4595170
0 4594170
0 4593170
0 4589170
0 4588170
0 4587170
0 4586170
0 4578170
0 4576170
0 4575170
0 4573170
0 4572170
0 4571170
0 4570170
0 4567170
0 4566170
0 4564170
0 4563170
0 4562170
0 4561170
0 4559170
0 4558170
0 4556170
0 4555170
0 4553170
0 4552170
0 4551170
0 4550170
0 4547170
0 4545170
0 4544170
0 4543170
0 4542170
0 4541170
0 4540170
0 4539170
0 4537170
0 4534170
0 4533170
0 4532170
0 4531170
0 4530170
0 4528170
0 4526170
0 4525170
0 4524170
0 4523170
0 4522170
0 4521170
0 4520170
0 4519170
0 4518170
0 4516170
0 4515170
0 4514170
0 4513170
0 4512170
0 4509170
0 4508170
0 4507170
0 4506170
0 4504170
0 4502170
0 4501170
0 4500170
0 4499170
0 4498170
0 4497170
0 4495170
0 4494170
0 4493170
0 4492170
0 4491170
0 4489170
0 4488170
0 4483170
0 4481170
0 4480170
0 4479170
0 4478170
0 4477170
0 4476170
0 4473170
0 4471170
0 4468170
0 4467170
0 4466170
0 4465170
0 4463170
0 4462170
0 4460170
0 4456170
0 4455170
0 4454170
0 4453170
0 4452170
0 4450170
0 4448170
0 4447170
0 4445170
0 4443170
0 4440170
0 4439170
0 4438170
0 4436170
0 4434170
0 4433170
0 4431170
0 4428170
0 4427170
0 4426170
0 4424170
0 4421170
0 4420170
0 4419170
0 4418170
0 4416170
0 4415170
0 4414170
0 4413170
0 4412170
0 4410170
0 4409170
0 4408170
0 4407170
0 4406170
0 4405170
0 4404170
0 4401170
0 4397170
0 4394170
0 4392170
0 4391170
0 4388170
0 4387170
0 4385170
0 4384170
0 4383170
0 4382170
0 4381170
0 4380170
0 4379170
0 4378170
0 4375170
0 4374170
0 4372170
0 4370170
0 4367170
0 4366170
0 4364170
0 4363170
0 4362170
0 4360170
0 4358170
0 4355170
0 4353170
0 4352170
0 4345170
0 4343170
0 4341170
0 4340170
0 4338170
0 4337170
0 4335170
0 4334170
0 4332170
0 4331170
0 4330170
0 4329170
0 4328170
0 4327170
0 4326170
0 4324170
0 4323170
0 4322170
0 4321170
0 4320170
0 4319170
0 4318170
0 4317170
0 4314170
0 4313170
0 4311170
0 4308170
0 4306170
0 4305170
0 4302170
0 4301170
0 4299170
0 4298170
0 4297170
0 4296170
0 4294170
0 4291170
0 4289170
0 4288170
0 4280170
0 4279170
0 4278170
0 4277170
0 4276170
0 4274170
0 4273170
0 4272170
0 4270170
0 4267170
0 4265170
0 4264170
0 4263170
0 4262170
0 4260170
0 4259170
0 4258170
0 4256170
0 4255170
0 4254170
0 4253170
0 4250170
0 4248170
0 4247170
0 4244170
0 4240170
0 4239170
0 4238170
0 4236170
0 4234170
0 4233170
0 4231170
0 4230170
0 4229170
0 4228170
0 4225170
0 4224170
0 4222170
0 4221170
0 4220170
0 4218170
0 4217170
0 4216170
0 4215170
0 4214170
0 4212170
0 4211170
0 4210170
0 4209170
0 4208170
0 4207170
0 4206170
0 4203170
0 4202170
0 4199170
0 4198170
0 4197170
0 4193170
0 4192170
0 4191170
0 4190170
0 4189170
0 4188170
0 4187170
0 4186170
0 4185170
0 4184170
0 4183170
0 4182170
0 4181170
0 4180170
0 4179170
0 4178170
0 4173170
0 4172170
0 4171170
0 4170170
0 4169170
0 4168170
0 4167170
0 4166170
0 4165170
0 4161170
0 4160170
0 4157170
0 4155170
0 4152170
0 4151170
0 4150170
0 4149170
0 4148170
0 4146170
0 4145170
0 4144170
0 4137170
0 4136170
0 4135170
0 4134170
0 4133170
0 4128170
0 4126170
0 4122170
0 4121170
0 4120170
0 4118170
0 4117170
0 4116170
0 4115170
0 4114170
0 4113170
0 4112170
0 4110170
0 4107170
0 4106170
0 4105170
0 4104170
0 4101170
0 4100170
0 4098170
0 4096170
0 4087170
0 4086170
0 4084170
0 4083170
0 4082170
0 4080170
0 4079170
0 4078170
0 4077170
0 4075170
0 4074170
0 4072170
0 4069170
0 4068170
0 4067170
0 4066170
0 4065170
0 4064170
0 4061170
0 4060170
0 4057170
0 4056170
0 4055170
0 4053170
0 4047170
0 4046170
0 4039170
0 4036170
0 4031170
0 4030170
0 4029170
0 4027170
0 4023170
0 4022170
0 4019170
0 4016170
0 4013170
0 4012170
0 4011170
0 4010170
0 4009170
0 4006170
0 4005170
0 4003170
0 4001170
0 4000170
0 3999170
0 3998170
0 3997170
0 3996170
0 3995170
0 3994170
0 3993170
0 3989170
0 3987170
0 3985170
0 3984170
0 3982170
0 3974170
0 3973170
0 3970170
0 3969170
0 3968170
0 3966170
0 3965170
0 3962170
0 3960170
0 3958170
0 3955170
0 3954170
0 3952170
0 3951170
0 3950170
0 3949170
0 3948170
0 3947170
0 3946170
0 3944170
0 3943170
0 3942170
0 3941170
0 3940170
0 3939170
0 3938170
0 3937170
0 3936170
0 3935170
0 3933170
0 3932170
0 3931170
0 3929170
0 3928170
0 3927170
0 3926170
0 3925170
0 3924170
0 3921170
0 3920170
0 3919170
0 3918170
0 3917170
0 3916170
0 3915170
0 3913170
0 3912170
0 3910170
0 3909170
0 3908170
0 3905170
0 3903170
0 3902170
0 3901170
0 3900170
0 3899170
0 3898170
0 3897170
0 3896170
0 3894170
0 3893170
0 3892170
0 3891170
0 3890170
0 3889170
0 3888170
0 3887170
0 3886170
0 3885170
0 3884170
0 3883170
0 3882170
0 3880170
0 3879170
0 3875170
0 3874170
0 3873170
0 3872170
0 3871170
0 3870170
0 3869170
0 3868170
0 3867170
0 3866170
0 3865170
0 3863170
0 3861170
0 3860170
0 3859170
0 3858170
0 3857170
0 3856170
0 3855170
0 3852170
0 3851170
0 3849170
0 3848170
0 3845170
0 3844170
0 3843170
0 3842170
0 3835170
0 3834170
0 3833170
0 3832170
0 3831170
0 3830170
0 3828170
0 3826170
0 3821170
0 3819170
4 3818170
0 3817170
0 3815170
0 3812170
0 3811170
0 3809170
0 3808170
0 3807170
0 3801170
0 3800170
0 3796170
0 3795170
0 3794170
0 3793170
0 3791170
0 3788170
0 3787170
0 3786170
0 3783170
0 3781170
0 3780170
0 3778170
0 3777170
0 3776170
0 3775170
0 3772170
0 3771170
0 3770170
0 3769170
0 3767170
0 3765170
0 3764170
0 3763170
0 3762170
0 3759170
0 3757170
0 3754170
0 3753170
0 3751170
0 3750170
0 3744170
0 3743170
0 3735170
0 3731170
0 3730170
0 3722170
0 3721170
0 3718170
0 3715170
0 3713170
0 3712170
0 3711170
0 3710170
0 3709170
0 3707170
0 3706170
0 3701170
0 3699170
0 3698170
0 3697170
0 3691170
0 3689170
0 3685170
0 3684170
0 3683170
0 3682170
0 3680170
0 3679170
0 3678170
0 3677170
0 3676170
0 3675170
0 3674170
0 3672170
0 3667170
0 3664170
0 3662170
0 3661170
0 3657170
0 3654170
0 3653170
0 3649170
0 3648170
0 3638170
0 3637170
0 3636170
0 3635170
0 3632170
0 3631170
0 3630170
0 3629170
0 3627170
0 3625170
0 3624170
0 3622170
0 3621170
0 3620170
0 3619170
0 3616170
0 3611170
0 3610170
0 3609170
0 3607170
0 3604170
0 3601170
0 3600170
0 3598170
0 3596170
0 3595170
0 3594170
0 3593170
0 3592170
0 3591170
0 3589170
0 3588170
0 3587170
0 3585170
0 3584170
0 3581170
0 3577170
0 3576170
0 3575170
0 3574170
0 3573170
0 3568170
0 3567170
0 3566170
0 3565170
0 3564170
0 3563170
0 3562170
0 3561170
0 3560170
0 3559170
0 3558170
0 3557170
0 3556170
0 3555170
0 3554170
0 3553170
0 3552170
0 3551170
0 3548170
0 3547170
0 3546170
0 3544170
0 3543170
0 3542170
0 3541170
0 3540170
0 3539170
0 3534170
0 3532170
0 3531170
0 3529170
0 3528170
0 3527170
0 3526170
0 3525170
0 3523170
0 3521170
0 3520170
0 3519170
0 3518170
0 3517170
0 3516170
0 3515170
0 3514170
0 3512170
0 3511170
0 3509170
0 3508170
0 3507170
0 3505170
0 3504170
0 3502170
0 3500170
0 3497170
0 3496170
0 3490170
0 3488170
0 3487170
0 3485170
0 3482170
0 3480170
0 3478170
0 3475170
0 3474170
0 3473170
0 3471170
0 3469170
0 3468170
0 3467170
0 3466170
0 3463170
0 3462170
0 3460170
0 3459170
0 3458170
0 3454170
0 3452170
0 3451170
0 3450170
0 3449170
0 3448170
0 3447170
0 3446170
0 3445170
0 3440170
0 3437170
0 3436170
0 3433170
0 3427170
0 3425170
0 3423170
0 3422170
0 3421170
0 3418170
0 3415170
0 3413170
0 3412170
0 3409170
0 3405170
0 3404170
0 3402170
0 3401170
0 3400170
0 3398170
0 3396170
0 3395170
0 3394170
0 3393170
0 3392170
0 3391170
0 3390170
0 3388170
0 3387170
0 3386170
0 3379170
0 3378170
0 3377170
0 3374170
0 3372170
0 3370170
0 3369170
0 3368170
0 3366170
0 3365170
0 3364170
0 3362170
0 3360170
0 3359170
0 3358170
0 3357170
0 3356170
0 3355170
0 3354170
0 3351170
0 3349170
0 3348170
0 3347170
0 3345170
0 3344170
0 3341170
0 3340170
0 3339170
0 3336170
0 3334170
0 3333170
0 3326170
0 3322170
0 3321170
0 3320170
0 3319170
0 3318170
0 3309170
0 3306170
0 3305170
0 3304170
0 3303170
0 3302170
0 3301170
0 3300170
0 3298170
0 3297170
0 3296170
0 3293170
0 3292170
0 3291170
0 3290170
0 3289170
0 3288170
0 3287170
0 3286170
0 3283170
0 3282170
0 3281170
0 3280170
0 3276170
0 3275170
0 3274170
0 3260170
0 3256170
0 3255170
0 3254170
0 3252170
0 3251170
0 3250170
0 3249170
0 3248170
0 3247170
0 3244170
0 3243170
0 3242170
0 3241170
0 3239170
0 3237170
0 3231170
0 3230170
0 3228170
0 3227170
0 3226170
0 3225170
0 3222170
0 3218170
0 3213170
0 3211170
0 3208170
0 3204170
0 3203170
0 3202170
0 3201170
0 3200170
0 3197170
0 3195170
0 3193170
0 3191170
0 3190170
0 3189170
0 3188170
0 3187170
0 3186170
0 3185170
0 3184170
0 3183170
0 3182170
0 3181170
0 3180170
0 3179170
0 3178170
0 3177170
0 3176170
0 3175170
0 3174170
0 3173170
0 3172170
0 3171170
0 3170170
0 3169170
0 3167170
0 3166170
0 3165170
0 3164170
0 3163170
0 3162170
0 3161170
0 3160170
0 3159170
0 3158170
0 3157170
0 3156170
0 3155170
0 3153170
0 3152170
0 3151170
0 3149170
0 3146170
0 3145170
0 3144170
0 3143170
0 3142170
0 3140170
0 3139170
0 3138170
0 3136170
0 3134170
0 3131170
0 3130170
0 3129170
0 3128170
0 3127170
0 3126170
0 3125170
0 3124170
0 3123170
0 3122170
0 3121170
0 3119170
0 3118170
0 3116170
0 3115170
0 3114170
0 3113170
0 3112170
0 3107170
0 3103170
0 3102170
0 3101170
0 3100170
0 3099170
0 3098170
0 3096170
0 3095170
0 3092170
0 3090170
0 3087170
0 3086170
0 3084170
0 3083170
0 3079170
0 3078170
0 3077170
0 3074170
0 3073170
0 3071170
0 3070170
0 3069170
0 3068170
0 3067170
0 3066170
0 3065170
0 3064170
0 3061170
0 3060170
0 3059170
0 3055170
0 3054170
0 3053170
0 3052170
0 3051170
0 3049170
0 3048170
0 3046170
0 3045170
0 3044170
0 3043170
0 3042170
0 3039170
0 3038170
0 3037170
0 3036170
0 3035170
0 3032170
0 3031170
0 3030170
0 3029170
0 3028170
0 3025170
0 3020170
0 3019170
0 3017170
0 3016170
0 3015170
0 3014170
0 3013170
0 3011170
0 3010170
0 3008170
0 3006170
0 3005170
0 3004170
0 3003170
0 3001170
0 3000170
0 2999170
0 2997170
0 2993170
0 2992170
0 2991170
0 2989170
0 2988170
0 2987170
0 2982170
0 2981170
0 2979170
0 2978170
0 2977170
0 2976170
0 2975170
0 2974170
0 2973170
0 2972170
0 2971170
0 2970170
0 2969170
0 2968170
0 2967170
0 2966170
0 2965170
0 2959170
0 2954170
0 2953170
0 2952170
0 2950170
0 2948170
0 2947170
0 2946170
0 2941170
0 2938170
0 2937170
0 2936170
0 2935170
0 2934170
0 2933170
0 2932170
0 2931170
0 2930170
0 2929170
0 2928170
0 2927170
0 2926170
0 2924170
0 2921170
0 2920170
0 2919170
0 2918170
0 2917170
0 2916170
0 2915170
0 2914170
0 2912170
0 2909170
0 2908170
0 2907170
0 2906170
0 2903170
0 2902170
0 2901170
0 2898170
0 2897170
0 2895170
0 2894170
0 2893170
0 2892170
0 2890170
0 2889170
0 2888170
0 2887170
0 2885170
0 2884170
0 2880170
0 2879170
0 2877170
0 2876170
0 2875170
0 2874170
0 2872170
0 2871170
0 2867170
0 2866170
0 2865170
0 2864170
0 2863170
0 2862170
0 2861170
0 2859170
0 2858170
0 2857170
0 2855170
0 2854170
0 2853170
0 2851170
0 2849170
0 2848170
0 2846170
0 2845170
0 2842170
0 2837170
0 2836170
0 2835170
0 2833170
0 2831170
0 2829170
0 2828170
0 2826170
0 2825170
0 2824170
0 2823170
0 2821170
0 2818170
0 2817170
0 2814170
0 2813170
0 2812170
0 2811170
0 2810170
0 2808170
0 2805170
0 2803170
0 2802170
0 2801170
0 2800170
0 2798170
0 2797170
0 2795170
0 2794170
0 2793170
0 2790170
0 2789170
0 2788170
0 2787170
0 2786170
0 2785170
0 2784170
0 2782170
0 2781170
0 2779170
0 2778170
0 2777170
0 2775170
0 2774170
0 2773170
0 2771170
0 2769170
0 2768170
0 2766170
0 2765170
0 2763170
0 2761170
0 2759170
0 2758170
0 2753170
0 2748170
0 2746170
0 2742170
0 2741170
0 2740170
0 2739170
0 2738170
0 2733170
0 2732170
0 2731170
0 2729170
0 2725170
0 2724170
0 2723170
0 2722170
0 2721170
0 2720170
0 2719170
0 2718170
0 2717170
0 2716170
0 2715170
0 2714170
0 2712170
0 2711170
0 2709170
0 2708170
0 2707170
0 2704170
0 2698170
0 2696170
0 2692170
0 2691170
0 2690170
0 2689170
0 2688170
0 2687170
0 2685170
0 2683170
0 2681170
0 2680170
0 2678170
0 2677170
0 2675170
0 2673170
0 2672170
0 2669170
0 2668170
0 2667170
0 2666170
0 2665170
0 2664170
0 2663170
0 2662170
0 2660170
0 2657170
0 2656170
0 2654170
0 2653170
0 2650170
0 2649170
0 2648170
0 2647170
0 2646170
0 2645170
0 2644170
0 2643170
0 2641170
0 2638170
0 2637170
0 2636170
0 2635170
0 2634170
0 2633170
0 2632170
0 2630170
0 2629170
0 2628170
0 2627170
0 2625170
0 2624170
0 2623170
0 2622170
0 2621170
0 2620170
0 2619170
0 2617170
0 2616170
0 2614170
0 2612170
0 2611170
0 2607170
0 2606170
0 2604170
0 2603170
0 2601170
0 2599170
0 2598170
0 2597170
0 2596170
0 2595170
0 2593170
0 2592170
0 2591170
0 2590170
0 2588170
0 2587170
0 2584170
0 2583170
0 2582170
0 2581170
0 2580170
0 2579170
0 2578170
0 2576170
0 2575170
0 2574170
0 2569170
0 2568170
0 2567170
0 2566170
0 2565170
0 2563170
0 2562170
0 2561170
0 2560170
0 2559170
0 2558170
0 2557170
0 2556170
0 2555170
0 2554170
0 2553170
0 2552170
0 2551170
0 2550170
0 2549170
0 2548170
0 2546170
0 2545170
0 2544170
0 2543170
0 2542170
0 2541170
0 2539170
0 2538170
0 2537170
0 2536170
0 2535170
0 2533170
0 2532170
0 2530170
0 2529170
0 2528170
0 2527170
0 2525170
0 2524170
0 2523170
0 2521170
0 2520170
0 2518170
0 2517170
0 2516170
0 2515170
0 2514170
0 2513170
0 2512170
0 2510170
0 2509170
0 2507170
0 2504170
0 2501170
0 2498170
0 2497170
0 2492170
0 2491170
0 2490170
0 2488170
0 2485170
0 2483170
0 2482170
0 2481170
0 2480170
0 2479170
0 2478170
0 2476170
0 2475170
0 2474170
0 2473170
0 2472170
0 2471170
0 2469170
0 2468170
0 2467170
0 2466170
0 2463170
0 2461170
0 2460170
0 2459170
0 2458170
0 2457170
0 2456170
0 2455170
0 2454170
0 2453170
0 2435170
0 2409170
0 2406170
0 2368170