1 7345170
0 7344170
1 7343170
0 7341170
0 7339170
0 7337170
0 7336170
0 7335170
0 7332170
0 7331170
0 7329170
0 7328170
0 7327170
0 7326170
0 7325170
1 7324170
0 7321170
0 7320170
0 7319170
0 7318170
0 7317170
0 7316170
0 7315170
0 7314170
0 7313170
0 7312170
0 7309170
0 7307170
0 7306170
0 7305170
0 7304170
0 7303170
0 7302170
0 7301170
0 7300170
0 7299170
0 7298170
0 7297170
0 7296170
0 7295170
0 7294170
0 7293170
0 7292170
0 7291170
0 7290170
0 7289170
0 7288170
0 7287170
0 7286170
0 7285170
0 7283170
0 7282170
0 7281170
0 7280170
0 7279170
0 7277170
0 7275170
0 7274170
0 7273170
0 7272170
0 7271170
0 7270170
0 7269170
0 7268170
0 7267170
0 7265170
0 7264170
0 7261170
0 7260170
0 7259170
0 7258170
0 7257170
0 7256170
0 7255170
0 7254170
0 7253170
0 7252170
0 7251170
0 7250170
0 7249170
0 7248170
0 7246170
0 7245170
0 7242170
0 7241170
0 7240170
0 7239170
0 7238170
0 7236170
0 7235170
0 7234170
0 7232170
0 7230170
1 7229170
0 7228170
0 7227170
0 7226170
0 7225170
0 7224170
0 7223170
0 7222170
0 7220170
0 7219170
1 7218170
0 7217170
0 7216170
0 7215170
0 7214170
0 7213170
0 7212170
0 7211170
0 7210170
0 7208170
1 7207170
0 7206170
0 7205170
0 7204170
0 7203170
0 7202170
0 7200170
0 7199170
0 7198170
0 7197170
0 7196170
0 7195170
0 7194170
0 7193170
0 7191170
0 7189170
0 7187170
0 7186170
0 7185170
0 7184170
0 7183170
0 7182170
0 7181170
0 7180170
0 7179170
0 7177170
0 7176170
0 7175170
0 7174170
0 7173170
0 7172170
0 7171170
0 7170170
0 7169170
0 7168170
0 7167170
0 7166170
0 7165170
0 7164170
0 7163170
0 7161170
0 7160170
0 7158170
0 7157170
0 7156170
0 7155170
0 7154170
0 7153170
0 7152170
0 7151170
0 7150170
0 7149170
0 7148170
0 7147170
1 7145170
0 7144170
1 7143170
0 7142170
0 7140170
0 7139170
0 7138170
0 7137170
0 7136170
0 7135170
0 7134170
0 7133170
1 7132170
1 7131170
0 7128170
0 7127170
0 7125170
0 7124170
0 7123170
0 7122170
0 7119170
0 7118170
0 7116170
0 7115170
1 7114170
0 7112170
0 7111170
0 7110170
0 7109170
0 7107170
0 7106170
0 7105170
0 7104170
0 7102170
0 7101170
0 7099170
0 7096170
0 7095170
0 7093170
0 7092170
0 7091170
0 7090170
0 7089170
0 7087170
0 7086170
0 7085170
0 7083170
0 7082170
0 7079170
0 7078170
0 7076170
0 7075170
0 7074170
0 7073170
0 7072170
0 7071170
0 7070170
0 7069170
0 7068170
0 7067170
0 7066170
0 7065170
0 7064170
0 7063170
0 7062170
0 7061170
0 7059170
0 7058170
0 7057170
0 7055170
0 7054170
0 7053170
0 7052170
1 7051170
0 7050170
0 7049170
0 7048170
0 7047170
0 7046170
0 7044170
0 7043170
0 7042170
0 7041170
0 7040170
0 7039170
0 7037170
0 7036170
0 7035170
0 7034170
1 7033170
0 7029170
0 7027170
0 7026170
0 7025170
0 7024170
0 7023170
0 7022170
0 7021170
1 7020170
1 7018170
0 7017170
0 7016170
0 7015170
0 7014170
0 7011170
0 7010170
0 7009170
0 7008170
0 7007170
0 7006170
0 7005170
0 7004170
0 7003170
0 7001170
0 7000170
0 6999170
0 6998170
0 6997170
0 6995170
0 6994170
0 6993170
0 6992170
0 6991170
0 6990170
0 6989170
0 6988170
0 6987170
0 6985170
0 6984170
0 6983170
0 6982170
0 6980170
0 6979170
0 6977170
0 6976170
0 6974170
0 6973170
0 6972170
0 6971170
0 6970170
0 6969170
0 6968170
0 6967170
0 6966170
0 6964170
0 6963170
1 6962170
0 6961170
0 6960170
0 6959170
0 6958170
0 6957170
0 6956170
0 6954170
0 6952170
0 6951170
0 6950170
0 6949170
0 6948170
0 6947170
0 6946170
0 6945170
0 6944170
1 6943170
0 6942170
0 6941170
0 6940170
0 6939170
0 6938170
0 6937170
0 6935170
0 6934170
0 6933170
1 6929170
0 6928170
0 6925170
0 6920170
0 6919170
0 6918170
0 6917170
0 6916170
0 6914170
0 6913170
0 6912170
0 6908170
0 6907170
1 6906170
1 6905170
0 6903170
1 6902170
0 6901170
0 6900170
0 6899170
0 6898170
0 6897170
0 6896170
0 6895170
0 6894170
0 6893170
0 6892170
1 6889170
0 6888170
0 6887170
0 6886170
0 6884170
0 6883170
0 6882170
0 6881170
0 6879170
1 6877170
0 6875170
0 6874170
0 6873170
0 6872170
0 6871170
0 6868170
0 6867170
0 6865170
0 6864170
0 6863170
0 6862170
0 6858170
0 6856170
0 6853170
0 6852170
0 6851170
0 6850170
0 6848170
0 6847170
0 6845170
0 6844170
0 6843170
0 6842170
0 6841170
0 6840170
0 6839170
0 6838170
0 6837170
1 6836170
0 6835170
0 6834170
0 6833170
0 6831170
0 6829170
0 6828170
0 6827170
0 6826170
0 6825170
0 6824170
0 6823170
0 6821170
0 6820170
0 6819170
0 6818170
0 6817170
0 6815170
0 6814170
0 6813170
0 6810170
0 6808170
0 6807170
0 6805170
0 6803170
0 6802170
0 6801170
0 6800170
0 6799170
0 6798170
0 6797170
0 6793170
0 6792170
0 6791170
0 6790170
0 6789170
0 6787170
0 6785170
1 6783170
0 6782170
0 6780170
0 6779170
0 6776170
0 6775170
0 6773170
0 6772170
0 6771170
0 6768170
0 6767170
0 6766170
0 6765170
0 6764170
0 6761170
0 6760170
0 6759170
0 6756170
0 6755170
0 6754170
0 6753170
0 6752170
0 6750170
0 6749170
0 6748170
0 6747170
0 6746170
0 6742170
0 6741170
0 6740170
0 6739170
0 6738170
0 6736170
0 6735170
1 6734170
0 6733170
0 6732170
0 6731170
0 6729170
0 6726170
0 6725170
0 6724170
0 6722170
0 6721170
1 6720170
0 6719170
0 6718170
0 6717170
0 6716170
0 6715170
0 6714170
0 6712170
0 6711170
0 6709170
0 6708170
0 6707170
0 6706170
0 6705170
0 6704170
0 6702170
0 6701170
0 6700170
0 6699170
0 6698170
0 6697170
0 6696170
0 6695170
0 6694170
0 6693170
1 6692170
0 6691170
0 6690170
1 6689170
0 6687170
0 6686170
1 6684170
0 6683170
0 6682170
0 6681170
0 6680170
0 6679170
0 6678170
0 6676170
0 6675170
1 6674170
0 6672170
0 6671170
0 6670170
0 6668170
0 6667170
1 6666170
0 6663170
0 6662170
0 6661170
0 6660170
0 6659170
0 6658170
0 6657170
0 6656170
0 6655170
0 6654170
0 6652170
0 6651170
0 6650170
0 6649170
1 6648170
1 6647170
0 6646170
0 6645170
0 6644170
0 6643170
0 6641170
0 6639170
0 6638170
0 6637170
0 6636170
0 6635170
0 6632170
0 6631170
0 6630170
0 6629170
0 6628170
0 6626170
0 6625170
0 6624170
0 6623170
0 6622170
0 6620170
0 6619170
0 6618170
0 6617170
0 6615170
0 6614170
0 6612170
0 6611170
0 6609170
0 6608170
0 6607170
0 6606170
0 6601170
0 6600170
0 6598170
1 6596170
0 6594170
0 6593170
0 6592170
0 6591170
0 6590170
0 6588170
0 6587170
0 6586170
0 6584170
0 6583170
0 6582170
0 6578170
0 6577170
0 6576170
0 6575170
0 6574170
0 6573170
0 6571170
0 6570170
0 6568170
0 6567170
0 6566170
0 6565170
1 6564170
0 6561170
0 6560170
0 6559170
0 6558170
0 6557170
0 6556170
0 6555170
0 6554170
0 6553170
0 6552170
0 6551170
0 6549170
0 6548170
0 6546170
0 6545170
0 6544170
1 6542170
0 6541170
0 6539170
0 6538170
1 6537170
1 6536170
0 6535170
0 6534170
0 6533170
1 6531170
0 6528170
0 6527170
0 6525170
0 6522170
0 6521170
0 6520170
0 6519170
0 6517170
0 6516170
0 6515170
0 6514170
0 6513170
0 6512170
0 6511170
0 6510170
0 6509170
1 6507170
0 6506170
1 6505170
0 6504170
0 6503170
0 6502170
0 6501170
0 6500170
0 6499170
0 6498170
0 6497170
0 6496170
0 6493170
0 6492170
0 6491170
1 6490170
0 6489170
0 6488170
0 6487170
0 6486170
0 6485170
0 6483170
0 6482170
0 6481170
0 6480170
0 6479170
0 6478170
0 6476170
0 6474170
0 6473170
0 6471170
0 6470170
0 6469170
0 6468170
0 6467170
0 6459170
0 6458170
0 6457170
0 6455170
0 6454170
0 6453170
0 6450170
0 6449170
0 6447170
0 6446170
0 6445170
0 6443170
0 6442170
0 6441170
0 6438170
0 6437170
0 6436170
0 6434170
0 6433170
0 6432170
0 6431170
0 6430170
0 6429170
0 6428170
0 6426170
0 6425170
0 6424170
0 6422170
0 6421170
0 6420170
0 6419170
0 6417170
0 6416170
0 6415170
0 6414170
0 6413170
0 6411170
0 6410170
0 6409170
0 6407170
0 6406170
0 6405170
0 6404170
1 6403170
0 6402170
0 6401170
0 6400170
0 6399170
0 6398170
0 6397170
0 6396170
0 6395170
0 6394170
0 6393170
0 6391170
1 6390170
0 6389170
0 6388170
0 6387170
0 6386170
0 6385170
0 6384170
0 6383170
0 6382170
0 6381170
0 6380170
0 6379170
0 6377170
0 6376170
0 6374170
0 6372170
0 6371170
0 6370170
0 6369170
0 6368170
0 6364170
0 6363170
0 6362170
0 6361170
0 6360170
0 6359170
0 6358170
0 6357170
0 6356170
0 6355170
0 6354170
0 6353170
0 6351170
0 6350170
0 6349170
1 6348170
0 6347170
0 6346170
0 6345170
0 6344170
0 6343170
0 6342170
0 6341170
0 6340170
0 6339170
0 6336170
0 6335170
0 6334170
0 6333170
0 6332170
0 6331170
1 6330170
0 6329170
0 6328170
0 6327170
0 6325170
0 6324170
0 6323170
1 6322170
0 6320170
0 6319170
1 6317170
0 6316170
0 6315170
0 6314170
0 6312170
0 6311170
0 6310170
0 6309170
0 6308170
1 6307170
0 6306170
0 6305170
0 6304170
1 6303170
0 6302170
0 6301170
0 6300170
0 6299170
0 6298170
0 6297170
0 6295170
0 6294170
0 6293170
0 6292170
0 6291170
0 6290170
0 6289170
0 6288170
0 6287170
0 6286170
0 6285170
0 6284170
0 6283170
0 6281170
0 6280170
0 6279170
0 6277170
0 6276170
0 6274170
0 6273170
0 6272170
1 6271170
0 6270170
0 6269170
0 6267170
0 6266170
0 6265170
0 6264170
0 6263170
0 6262170
0 6259170
1 6258170
1 6257170
1 6256170
0 6255170
0 6254170
1 6253170
0 6252170
0 6251170
0 6250170
0 6249170
0 6248170
0 6247170
0 6246170
0 6245170
0 6244170
0 6243170
0 6240170
0 6239170
0 6238170
0 6237170
0 6236170
0 6235170
0 6234170
1 6233170
0 6232170
0 6231170
0 6229170
0 6228170
0 6227170
0 6226170
0 6222170
0 6221170
0 6220170
0 6219170
0 6217170
0 6215170
0 6214170
1 6213170
0 6211170
0 6210170
0 6209170
0 6208170
0 6207170
0 6206170
0 6205170
0 6204170
1 6203170
0 6202170
1 6201170
0 6200170
0 6199170
0 6198170
0 6197170
1 6196170
0 6194170
0 6193170
0 6192170
0 6191170
1 6190170
0 6188170
0 6186170
0 6185170
0 6184170
0 6183170
1 6181170
0 6180170
0 6179170
1 6178170
0 6177170
0 6173170
0 6172170
0 6171170
0 6170170
0 6168170
0 6166170
0 6165170
0 6164170
0 6163170
0 6162170
0 6161170
0 6160170
1 6158170
1 6157170
0 6156170
0 6155170
0 6154170
0 6152170
0 6151170
0 6149170
0 6148170
0 6147170
0 6144170
0 6143170
0 6141170
0 6139170
0 6137170
0 6136170
0 6134170
0 6133170
0 6131170
0 6130170
0 6128170
0 6127170
0 6126170
0 6125170
0 6124170
0 6123170
0 6122170
0 6121170
0 6120170
0 6119170
0 6118170
0 6115170
0 6114170
0 6113170
1 6112170
1 6111170
0 6110170
0 6109170
0 6107170
0 6106170
0 6105170
0 6104170
0 6103170
0 6102170
0 6100170
0 6099170
0 6098170
0 6097170
0 6096170
0 6095170
1 6094170
0 6091170
1 6090170
0 6089170
1 6088170
0 6087170
0 6086170
0 6085170
0 6084170
1 6083170
1 6082170
0 6081170
0 6080170
0 6079170
0 6078170
1 6077170
0 6076170
0 6075170
0 6072170
0 6071170
0 6070170
1 6068170
0 6067170
0 6064170
0 6063170
0 6062170
0 6061170
0 6060170
0 6058170
0 6057170
0 6056170
0 6055170
0 6053170
0 6051170
0 6050170
0 6048170
0 6047170
0 6046170
0 6045170
1 6043170
0 6041170
1 6040170
0 6037170
0 6036170
0 6035170
0 6033170
0 6032170
0 6030170
0 6029170
1 6028170
1 6027170
0 6026170
0 6025170
0 6024170
0 6023170
0 6022170
1 6021170
0 6020170
1 6018170
1 6017170
0 6016170
0 6015170
0 6014170
0 6013170
0 6011170
0 6010170
0 6009170
0 6008170
1 6007170
1 6006170
0 6004170
0 6003170
0 6002170
1 6001170
0 5999170
0 5998170
0 5997170
0 5996170
0 5995170
0 5993170
0 5992170
0 5990170
0 5989170
0 5988170
0 5987170
0 5986170
0 5983170
1 5981170
1 5979170
1 5977170
0 5973170
0 5971170
0 5970170
0 5969170
0 5968170
0 5966170
0 5965170
0 5964170
0 5963170
0 5962170
1 5961170
0 5960170
0 5959170
0 5958170
0 5957170
0 5956170
0 5955170
0 5954170
0 5953170
0 5952170
0 5951170
0 5950170
0 5949170
0 5948170
0 5947170
0 5946170
0 5945170
0 5944170
0 5943170
0 5942170
0 5941170
0 5940170
0 5939170
0 5937170
0 5935170
0 5934170
0 5933170
0 5932170
0 5931170
0 5930170
0 5928170
0 5927170
0 5926170
0 5925170
0 5924170
1 5923170
0 5922170
0 5921170
0 5919170
0 5918170
1 5917170
0 5916170
0 5914170
0 5912170
0 5911170
0 5910170
0 5908170
0 5907170
0 5906170
0 5905170
0 5904170
0 5903170
0 5902170
0 5901170
0 5898170
0 5897170
0 5896170
0 5895170
0 5894170
0 5893170
0 5892170
0 5891170
0 5890170
0 5887170
0 5886170
0 5885170
0 5882170
0 5880170
0 5879170
0 5878170
0 5877170
1 5875170
0 5874170
0 5872170
0 5871170
0 5870170
0 5869170
0 5868170
0 5867170
0 5866170
0 5865170
1 5864170
0 5863170
0 5862170
0 5861170
0 5860170
1 5859170
0 5858170
0 5857170
0 5856170
0 5855170
0 5854170
0 5853170
0 5852170
0 5851170
0 5850170
1 5849170
0 5846170
0 5844170
0 5843170
0 5842170
0 5841170
0 5840170
0 5839170
0 5838170
0 5837170
0 5836170
0 5835170
0 5834170
1 5833170
0 5832170
0 5831170
1 5830170
0 5829170
0 5827170
0 5826170
0 5824170
0 5822170
1 5821170
0 5820170
0 5819170
1 5818170
0 5816170
0 5815170
0 5814170
0 5813170
0 5812170
0 5811170
0 5810170
0 5809170
0 5808170
0 5807170
0 5805170
0 5804170
0 5803170
0 5802170
0 5801170
0 5800170
0 5799170
0 5797170
0 5796170
0 5795170
0 5793170
0 5792170
0 5790170
0 5784170
0 5781170
0 5780170
0 5779170
0 5778170
0 5777170
0 5776170
1 5775170
0 5774170
0 5773170
0 5772170
0 5771170
0 5770170
0 5769170
0 5768170
0 5767170
0 5766170
0 5765170
0 5764170
0 5763170
0 5761170
0 5757170
0 5756170
0 5755170
0 5754170
0 5753170
0 5752170
0 5751170
0 5750170
0 5749170
0 5748170
0 5747170
0 5746170
0 5745170
0 5744170
0 5743170
0 5742170
0 5739170
0 5738170
0 5735170
0 5734170
0 5733170
0 5732170
0 5731170
0 5730170
0 5729170
0 5728170
0 5727170
0 5726170
0 5725170
0 5724170
0 5722170
0 5721170
0 5720170
0 5719170
0 5718170
0 5717170
0 5716170
0 5715170
0 5714170
0 5713170
0 5711170
0 5710170
0 5709170
0 5708170
0 5705170
0 5703170
0 5702170
0 5701170
0 5700170
0 5698170
0 5697170
0 5696170
0 5694170
0 5693170
0 5692170
0 5691170
0 5690170
0 5689170
0 5688170
0 5687170
0 5686170
0 5685170
1 5683170
0 5681170
0 5680170
1 5679170
0 5676170
0 5674170
0 5669170
0 5668170
1 5667170
0 5665170
0 5664170
0 5663170
0 5662170
0 5661170
0 5660170
0 5658170
0 5657170
0 5656170
0 5654170
0 5653170
0 5652170
0 5651170
0 5650170
0 5648170
0 5647170
0 5646170
0 5645170
0 5644170
0 5643170
0 5641170
0 5640170
0 5639170
0 5635170
0 5634170
0 5633170
0 5632170
0 5631170
0 5630170
0 5629170
0 5628170
0 5624170
0 5621170
0 5620170
0 5619170
0 5618170
0 5617170
0 5612170
0 5611170
0 5610170
0 5609170
0 5608170
0 5607170
0 5606170
0 5605170
0 5603170
0 5595170
0 5594170
0 5593170
0 5592170
0 5591170
0 5590170
0 5589170
0 5588170
0 5587170
0 5585170
0 5584170
0 5581170
0 5580170
0 5579170
0 5578170
0 5575170
0 5574170
0 5573170
0 5572170
0 5571170
0 5570170
0 5568170
0 5566170
0 5564170
0 5563170
0 5561170
0 5560170
0 5559170
0 5558170
0 5553170
0 5552170
0 5550170
0 5549170
0 5548170
0 5547170
0 5546170
0 5545170
0 5542170
0 5541170
0 5540170
0 5539170
0 5536170
0 5535170
0 5534170
0 5532170
0 5530170
0 5529170
0 5525170
0 5522170
0 5521170
0 5520170
0 5517170
0 5515170
0 5514170
0 5511170
0 5508170
0 5504170
0 5503170
0 5502170
0 5501170
0 5499170
1 5496170
0 5495170
0 5493170
0 5492170
0 5490170
0 5489170
0 5486170
1 5485170
0 5484170
0 5481170
0 5479170
1 5477170
0 5475170
0 5474170
0 5473170
0 5472170
0 5471170
0 5470170
0 5469170
0 5468170
0 5467170
0 5466170
0 5465170
0 5464170
0 5463170
0 5462170
0 5461170
0 5459170
0 5458170
0 5456170
0 5455170
0 5454170
0 5451170
0 5447170
0 5446170
0 5444170
0 5442170
0 5438170
0 5436170
0 5435170
0 5434170
0 5432170
0 5431170
0 5430170
0 5429170
0 5427170
0 5425170
0 5422170
1 5421170
0 5420170
0 5419170
0 5418170
0 5417170
0 5416170
0 5414170
0 5413170
0 5412170
0 5411170
1 5409170
0 5408170
1 5407170
1 5406170
0 5403170
0 5402170
0 5401170
0 5400170
0 5399170
0 5398170
0 5397170
1 5396170
0 5394170
0 5393170
0 5392170
0 5391170
0 5388170
0 5386170
1 5385170
0 5384170
0 5383170
0 5382170
0 5381170
0 5380170
0 5379170
0 5374170
0 5373170
0 5372170
0 5371170
0 5370170
0 5369170
0 5367170
0 5366170
0 5365170
1 5364170
0 5363170
0 5361170
0 5360170
0 5358170
0 5357170
0 5356170
0 5355170
0 5354170
0 5353170
0 5351170
0 5349170
0 5347170
0 5343170
0 5341170
0 5339170
0 5338170
1 5337170
0 5336170
0 5334170
0 5332170
0 5330170
0 5328170
0 5325170
0 5324170
0 5323170
0 5322170
0 5321170
0 5319170
0 5318170
0 5317170
0 5316170
0 5312170
0 5310170
0 5309170
0 5308170
0 5307170
0 5305170
0 5304170
0 5303170
0 5301170
0 5299170
0 5298170
0 5297170
0 5295170
0 5294170
0 5293170
0 5292170
0 5291170
0 5290170
0 5287170
0 5286170
0 5282170
0 5281170
0 5279170
0 5277170
0 5276170
0 5275170
0 5272170
0 5271170
0 5270170
0 5269170
0 5263170
0 5262170
0 5261170
0 5260170
0 5256170
0 5255170
0 5252170
0 5251170
0 5250170
0 5245170
0 5244170
0 5242170
0 5240170
0 5239170
0 5236170
0 5235170
0 5233170
0 5232170
0 5230170
1 5229170
0 5228170
0 5223170
0 5222170
0 5220170
0 5219170
0 5216170
0 5210170
0 5209170
0 5207170
1 5205170
0 5204170
0 5202170
0 5201170
0 5195170
0 5194170
0 5193170
0 5188170
0 5187170
0 5185170
0 5183170
1 5182170
0 5180170
0 5179170
0 5178170
0 5175170
0 5174170
0 5170170
0 5169170
0 5167170
0 5164170
0 5161170
0 5159170
0 5158170
0 5157170
0 5155170
0 5154170
1 5153170
0 5152170
0 5150170
0 5149170
0 5148170
0 5147170
0 5146170
0 5145170
0 5144170
0 5143170
0 5142170
0 5141170
0 5140170
0 5139170
0 5137170
0 5136170
0 5135170
0 5133170
0 5130170
0 5129170
0 5128170
0 5127170
0 5126170
0 5125170
0 5123170
0 5122170
0 5121170
0 5119170
0 5118170
0 5117170
0 5116170
1 5115170
0 5114170
0 5113170
0 5112170
0 5111170
1 5110170
0 5109170
0 5108170
0 5107170
0 5106170
0 5103170
0 5102170
0 5099170
0 5098170
0 5094170
0 5093170
0 5092170
0 5091170
0 5090170
0 5089170
0 5086170
0 5085170
0 5084170
0 5083170
0 5082170
0 5081170
0 5080170
0 5077170
0 5076170
0 5075170
1 5074170
0 5073170
1 2447170
1 2446170
0 2443170
1 2442170
0 2441170
0 2440170
0 2434170
0 2433170
0 2432170
0 2430170
0 2428170
0 2426170
0 2423170
0 2420170
0 2418170
0 2417170
0 2416170
0 2415170
0 2414170
1 2411170
0 2405170
0 2404170
0 2403170
1 2400170
0 2399170
1 2398170
0 2397170
0 2396170
0 2395170
0 2394170
0 2393170
0 2392170
1 2390170
0 2389170
0 2387170
1 2386170
0 2384170
0 2383170
0 2382170
0 2380170
1 2378170
1 2377170
0 2376170
0 2373170
0 2372170
0 2371170
0 2370170
0 2369170
0 2367170
0 2366170
0 2365170
0 2364170
0 2362170
0 2361170
0 2359170
0 2357170
0 2356170
0 2355170
0 2354170
0 2352170
0 2350170
1 2347170
0 2345170
0 2344170
0 2343170
0 2342170
1 2341170
0 2340170
0 2339170
0 2338170
0 2337170
0 2336170
0 2330170
0 2329170
0 2328170
1 2327170
0 2326170
0 2322170
0 2321170
0 2320170
0 2318170
0 2317170
0 2315170
0 2312170
0 2311170
0 2310170
0 2309170
0 2308170
0 2307170
0 2304170
0 2303170
0 2302170
0 2301170
0 2300170
0 2299170
0 2298170
0 2297170
0 2296170
0 2295170
0 2294170
0 2293170
0 2292170
0 2291170
0 2290170
0 2289170
0 2288170
0 2287170
0 2285170
0 2284170
0 2283170
0 2281170
0 2280170
0 2278170
0 2277170
0 2276170
0 2275170
0 2274170
0 2271170
0 2270170
0 2268170
0 2266170
0 2265170
1 2264170
0 2263170
0 2262170
0 2261170
0 2260170
0 2259170
0 2258170
0 2255170
1 2254170
0 2253170
0 2252170
0 2251170
0 2249170
0 2248170
0 2247170
0 2244170
0 2243170
0 2242170
0 2241170
0 2240170
0 2239170
0 2238170
0 2237170
0 2235170
0 2234170
0 2233170
0 2232170
0 2231170
0 2230170
0 2229170
0 2228170
0 2227170
0 2226170
0 2225170
0 2224170
0 2223170
0 2222170
0 2220170
0 2219170
0 2217170
0 2215170
0 2214170
0 2213170
0 2212170
0 2211170
0 2210170
0 2209170
0 2208170
0 2207170
0 2206170
0 2205170
0 2204170
0 2203170
0 2202170
0 2201170
0 2198170
0 2197170
0 2195170
0 2186170
0 2185170
0 2184170
0 2183170
0 2182170
0 2181170
0 2180170
1 2179170
0 2178170
0 2177170
0 2176170
1 2175170
0 2174170
0 2172170
0 2171170
0 2169170
0 2168170
0 2167170
0 2164170
0 2163170
0 2161170
0 2160170
0 2159170
0 2156170
0 2155170
0 2154170
0 2153170
0 2152170
0 2151170
0 2150170
0 2149170
0 2148170
0 2147170
0 2144170
0 2143170
0 2142170
1 2138170
0 2137170
0 2136170
0 2135170
0 2133170
0 2132170
0 2130170
0 2129170
0 2128170
1 2127170
1 2126170
0 2125170
0 2124170
0 2122170
0 2120170
0 2116170
0 2115170
0 2114170
0 2113170
0 2111170
0 2108170
1 2107170
1 2106170
0 2105170
0 2102170
0 2101170
0 2098170
0 2097170
0 2096170
0 2094170
0 2093170
0 2092170
1 2091170
0 2089170
0 2088170
0 2085170
0 2083170
0 2082170
0 2081170
0 2080170
0 2079170
0 2078170
0 2077170
0 2073170
1 2071170
0 2070170
0 2069170
0 2068170
0 2066170
0 2065170
0 2063170
0 2062170
0 2060170
1 2059170
0 2058170
0 2056170
0 2054170
0 2053170
0 2051170
0 2049170
0 2048170
0 2045170
0 2042170
1 2041170
0 2040170
0 2039170
0 2038170
0 2037170
0 2036170
0 2035170
0 2034170
0 2033170
0 2032170
0 2030170
1 2029170
1 2019170
0 2016170
0 2012170
0 2010170
0 2007170
0 2006170
0 2004170
0 2003170
0 2002170
0 2001170
0 2000170
0 1999170
0 1997170
0 1993170
0 1991170
0 1990170
1 1989170
0 1987170
0 1986170
1 1985170
0 1984170
0 1983170
0 1981170
0 1980170
0 1979170
0 1972170
1 1970170
0 1968170
0 1967170
0 1966170
0 1965170
0 1964170
0 1962170
0 1960170
0 1959170
0 1958170
0 1957170
0 1956170
1 1955170
1 1954170
1 1953170
0 1952170
0 1948170
0 1947170
0 1946170
0 1945170
0 1944170
1 1943170
0 1942170
0 1941170
0 1940170
0 1939170
0 1938170
0 1937170
0 1936170
0 1935170
0 1933170
0 1930170
0 1929170
0 1927170
0 1923170
0 1921170
0 1920170
0 1918170
0 1916170
0 1915170
0 1914170
0 1913170
0 1911170
0 1907170
0 1905170
0 1904170
0 1902170
0 1900170
0 1898170
0 1896170
0 1895170
0 1894170
0 1893170
0 1892170
1 1891170
0 1888170
0 1883170
0 1882170
0 1880170
0 1878170
0 1876170
0 1875170
1 1873170
0 1872170
0 1871170
0 1870170
0 1866170
0 1865170
0 1864170
0 1863170
0 1862170
0 1861170
0 1858170
0 1857170
0 1856170
0 1854170
0 1853170
0 1850170
0 1848170
0 1845170
0 1843170
0 1840170
0 1839170
0 1838170
0 1837170
0 1836170
0 1835170
0 1834170
1 1832170
0 1831170
0 1830170
1 1829170
1 1828170
1 1826170
0 1825170
1 1824170
1 1822170
0 1821170
1 1820170
0 1817170
0 1816170
0 1814170
0 1813170
0 1812170
0 1807170
0 1806170
0 1805170
0 1803170
0 1802170
0 1801170
0 1798170
0 1797170
0 1796170
0 1792170
0 1790170
0 1789170
0 1788170
0 1787170
0 1786170
0 1785170
0 1784170
0 1783170
0 1782170
0 1781170
0 1780170
0 1779170
0 1778170
0 1777170
0 1775170
0 1774170
1 1773170
0 1772170
0 1768170
0 1767170
0 1764170
0 1763170
0 1762170
0 1761170
0 1760170
0 1759170
0 1758170
1 1757170
0 1756170
0 1755170
0 1752170
1 1751170
0 1750170
1 1748170
0 1742170
0 1741170
0 1740170
0 1739170
0 1737170
0 1736170
0 1735170
0 1734170
0 1732170
1 1731170
1 1730170
1 1729170
0 1728170
0 1727170
1 1724170
0 1723170
0 1721170
0 1720170
0 1718170
0 1717170
0 1713170
1 1712170
0 1706170
0 1705170
0 1704170
0 1703170
0 1702170
0 1700170
1 1699170
0 1698170
0 1697170
0 1696170
0 1693170
0 1691170
0 1689170
0 1687170
0 1686170
1 1685170
0 1684170
0 1683170
0 1682170
0 1681170
0 1680170
0 1679170
0 1678170
0 1676170
0 1674170
0 1673170
0 1672170
0 1671170
0 1670170
0 1668170
0 1663170
0 1662170
0 1661170
0 1659170
0 1657170
0 1656170
0 1655170
0 1654170
0 1653170
0 1651170
0 1650170
0 1649170
0 1648170
0 1647170
0 1646170
0 1645170
0 1644170
0 1643170
0 1642170
0 1640170
0 1639170
0 1631170
0 1630170
0 1629170
0 1627170
0 1626170
0 1625170
0 1624170
0 1623170
0 1622170
0 1621170
0 1619170
0 1618170
1 1616170
0 1614170
0 1612170
0 1611170
0 1608170
0 1606170
0 1605170
0 1604170
0 1603170
0 1600170
0 1599170
0 1598170
0 1597170
0 1596170
0 1595170
1 1594170
0 1593170
1 1592170
0 1591170
0 1589170
0 1588170
0 1587170
0 1585170
0 1584170
0 1583170
0 1582170
0 1581170
1 1580170
0 1579170
0 1577170
0 1573170
0 1572170
0 1571170
0 1570170
0 1569170
0 1568170
0 1567170
0 1566170
0 1564170
0 1563170
1 1560170
1 1559170
1 1558170
0 1555170
0 1553170
0 1552170
0 1549170
0 1546170
0 1545170
0 1544170
0 1543170
1 1542170
1 1536170
0 1535170
0 1534170
0 1533170
0 1532170
0 1531170
0 1530170
1 1529170
0 1528170
0 1527170
1 1526170
0 1525170
0 1524170
0 1523170
0 1522170
0 1521170
0 1520170
0 1519170
0 1518170
0 1517170
0 1515170
0 1514170
0 1512170
0 1509170
0 1506170
0 1505170
1 1500170
1 1499170
1 1498170
1 1497170
1 1496170
1 1495170
0 1492170
1 1491170
1 1490170
1 1489170
1 1488170
0 1486170
1 1485170
0 1482170
0 1481170
0 1480170
0 1478170
0 1477170
0 1476170
0 1475170
1 1474170
1 1473170
0 1472170
0 1471170
1 1468170
0 1467170
0 1466170
0 1464170
0 1462170
0 1461170
0 1460170
0 1458170
0 1457170
0 1456170
0 1455170
0 1454170
0 1453170
0 1452170
0 1451170
0 1450170
0 1448170
0 1447170
0 1446170
1 1445170
0 1443170
0 1439170
0 1438170
0 1437170
0 1433170
0 1432170
0 1431170
0 1430170
0 1429170
0 1423170
0 1421170
0 1420170
0 1418170
0 1417170
0 1416170
0 1415170
0 1414170
0 1412170
0 1410170
0 1408170
0 1407170
1 1406170
0 1404170
1 1403170
1 1402170
0 1400170
0 1399170
0 1398170
1 1397170
0 1396170
0 1394170
0 1393170
0 1392170
0 1391170
0 1390170
0 1389170
1 1388170
0 1387170
1 1386170
1 1382170
0 1380170
0 1379170
1 1378170
1 1377170
0 1376170
0 1375170
0 1374170
0 1373170
0 1371170
0 1370170
0 1368170
0 1367170
1 1364170
1 1361170
0 1359170
1 1351170
0 1350170
0 1349170
0 1348170
0 1347170
0 1345170
1 1341170
0 1339170
1 1338170
1 1337170
0 1336170
0 1335170
1 1334170
0 1333170
0 1332170
0 1330170
0 1329170
0 1328170
0 1327170
0 1326170
1 1324170
0 1323170
0 1322170
0 1320170
0 1316170
0 1315170
0 1314170
0 1313170
0 1312170
1 1309170
0 1307170
0 1305170
1 1304170
0 1303170
0 1302170
0 1301170
0 1300170
0 1298170
0 1295170
0 1293170
1 1292170
1 1291170
0 1290170
0 1289170
0 1287170
0 1286170
0 1285170
0 1282170
0 1279170
0 1278170
0 1277170
0 1274170
0 1272170
0 1270170
0 1269170
0 1267170
0 1266170
0 1264170
0 1263170
0 1262170
0 1261170
0 1260170
0 1259170
0 1258170
0 1257170
0 1254170
0 1253170
0 1252170
0 1246170
0 1245170
0 1244170
0 1243170
0 1241170
0 1240170
0 1239170
0 1236170
0 1235170
0 1231170
0 1224170
0 1219170
0 1218170
0 1217170
0 1213170
0 1210170
0 1209170
0 1208170
0 1205170
0 1204170
0 1203170
0 1201170
0 1200170
0 1199170
0 1195170
0 1194170
0 1193170
0 1192170
0 1191170
0 1190170
0 1189170
1 1187170
0 1186170
0 1185170
0 1184170
0 1183170
0 1182170
0 1181170
0 1180170
0 1178170
0 1177170
0 1175170
0 1174170
0 1173170
1 1172170
0 1170170
0 1169170
1 1166170
0 1165170
0 1164170
0 1163170
0 1162170
0 1161170
0 1159170
0 1158170
0 1155170
0 1154170
0 1153170
0 1152170
0 1150170
0 1147170
0 1146170
0 1145170
0 1144170
0 1140170
0 1139170
0 1136170
0 1135170
0 1134170
1 1132170
0 1128170
0 1127170
0 1126170
0 1123170
1 1122170
0 1121170
0 1120170
0 1119170
0 1118170
0 1117170
0 1116170
0 1114170
0 1113170
0 1112170
0 1110170
0 1109170
0 1108170
0 1107170
1 1106170
1 1105170
0 1103170
0 1101170
0 1100170
0 1099170
0 1097170
0 1094170
0 1093170
0 1091170
0 1089170
0 1088170
0 1087170
0 1085170
0 1084170
0 1083170
0 1082170
0 1081170
0 1080170
0 1079170
0 1078170
0 1077170
0 1076170
0 1075170
0 1074170
1 1073170
0 1070170
0 1066170
0 1064170
0 1058170
0 1057170
0 1055170
0 1053170
0 1052170
0 1051170
0 1050170
0 1047170
0 1045170
0 1044170
0 1042170
0 1041170
0 1040170
0 1039170
0 1037170
0 1036170
0 1035170
0 1034170
0 1032170
0 1031170
0 1030170
0 1029170
0 1028170
0 1026170
0 1023170
0 1017170
0 1015170
0 1014170
0 1011170
0 1008170
0 1006170
1 1004170
0 1003170
0 1001170
0 1000170
0 998170
0 997170
0 996170
1 995170
0 993170
0 992170
0 991170
0 990170
0 989170
0 988170
0 986170
0 984170
0 983170
0 982170
0 981170
0 980170
0 978170
0 977170
0 976170
0 975170
0 974170
0 973170
0 971170
0 970170
0 969170
0 968170
0 967170
0 966170
0 965170
0 957170
0 956170
0 954170
1 953170
0 950170
0 949170
1 948170
0 947170
0 946170
0 941170
0 939170
0 938170
0 936170
0 933170
0 931170
0 930170
0 928170
0 927170
1 926170
0 925170
0 924170
1 923170
0 922170
1 921170
0 920170
0 919170
0 918170
0 916170
0 915170
0 914170
0 913170
0 912170
0 911170
1 909170
0 907170
0 903170
0 902170
0 901170
0 900170
0 898170
0 897170
0 895170
0 894170
0 892170
0 891170
0 890170
0 888170
0 887170
0 886170
0 884170
0 883170
0 881170
0 880170
0 879170
0 878170
0 875170
0 874170
0 873170
0 872170
0 871170
0 870170
0 867170
0 866170
1 865170
0 863170
0 862170
0 861170
0 860170
0 858170
0 857170
0 856170
0 855170
0 852170
0 851170
0 847170
0 844170
0 841170
0 840170
0 839170
0 838170
0 835170
0 834170
0 830170
0 829170
0 828170
0 827170
0 825170
0 823170
0 822170
0 821170
0 820170
0 819170
1 818170
0 816170
0 815170
0 814170
0 812170
0 811170
0 807170
0 803170
0 802170
0 801170
1 798170
0 797170
0 796170
0 794170
0 793170
0 791170
0 790170
0 789170
0 788170
0 787170
0 786170
0 785170
0 784170
0 783170
0 782170
0 780170
0 779170
0 778170
0 775170
0 772170
0 771170
1 768170
0 763170
0 760170
0 759170
0 755170
0 754170
0 751170
0 750170
0 749170
0 748170
0 747170
0 746170
0 745170
0 744170
0 743170
0 742170
0 740170
0 738170
0 737170
0 736170
0 735170
0 733170
1 731170
0 728170
0 727170
0 726170
0 725170
0 723170
0 722170
0 721170
0 720170
0 719170
0 718170
0 717170
0 715170
0 714170
0 712170
0 711170
1 708170
0 706170
0 705170
0 704170
0 703170
1 702170
0 701170
0 700170
0 698170
1 697170
1 696170
1 695170
0 693170
0 691170
1 688170
1 687170
1 686170
0 685170
0 684170
0 679170
0 677170
0 676170
0 675170
0 671170
0 670170
0 668170
0 667170
0 666170
0 665170
0 664170
0 663170
1 662170
1 660170
0 659170
0 657170
0 651170
0 650170
0 649170
0 646170
0 643170
0 642170
0 641170
0 640170
0 639170
0 637170
0 636170
0 635170
0 634170
0 633170
0 632170
0 630170
0 629170
0 628170
0 627170
0 626170
0 625170
0 624170
0 618170
0 616170
0 615170
0 613170
0 608170
0 607170
0 606170
0 604170
0 603170
0 602170
0 601170
0 600170
0 599170
0 598170
0 597170
0 594170
1 593170
0 587170
0 584170
0 582170
0 578170
0 576170
0 574170
0 572170
0 571170
0 570170
0 569170
0 568170
0 564170
1 561170
1 558170
1 556170
0 554170
0 552170
0 550170
0 549170
1 548170
1 547170
0 542170
0 541170
0 539170
1 538170
0 536170
1 535170
0 531170
0 530170
0 529170
0 528170
0 527170
0 526170
0 525170
0 524170
0 522170
1 519170
1 518170
0 517170
1 516170
0 514170
0 513170
1 509170
0 506170
0 503170
0 499170
0 498170
0 495170
0 494170
0 493170
0 492170
0 491170
0 490170
0 489170
0 488170
0 487170
0 486170
0 485170
0 484170
0 481170
1 480170
1 479170
0 478170
0 477170
0 475170
0 472170
0 471170
0 470170
0 469170
0 468170
0 467170
0 466170
0 464170
0 460170
0 459170
0 458170
0 456170
0 454170
0 453170
0 451170
0 448170
0 447170
0 445170
0 439170
0 436170
0 435170
0 434170
0 432170
0 430170
0 428170
0 426170
0 421170
0 420170
0 419170
0 418170
0 417170
0 416170
0 414170
0 411170
0 410170
0 408170
0 407170
0 405170
0 404170
0 403170
0 402170
0 398170
1 396170
0 394170
0 391170
0 390170
0 387170
0 386170
0 385170
0 384170
0 383170
0 381170
0 380170
0 379170
0 378170
0 377170
0 376170
0 375170
1 373170
0 372170
0 370170
0 369170
0 365170
0 360170
0 359170
0 354170
0 353170
0 351170
0 350170
0 349170
1 346170
1 344170
1 342170
1 341170
0 340170
0 336170
0 335170
0 333170
0 332170
0 331170
0 330170
0 328170
0 327170
1 325170
0 323170
1 320170
0 318170
0 317170
0 314170
0 311170
1 308170
0 307170
0 306170
0 305170
0 304170
0 301170
0 300170
0 299170
0 297170
0 296170
0 294170
1 290170
1 289170
0 282170
0 281170
0 279170
0 276170
1 275170
1 274170
1 273170
1 272170
1 271170
1 270170
1 268170
0 267170
0 266170
0 265170
0 264170
0 263170
1 262170
1 260170
1 259170
0 258170
0 257170
0 256170
0 255170
1 251170
0 250170
0 246170
1 245170
0 244170
1 243170
0 239170
0 238170
0 234170
0 232170
0 230170
0 229170
0 228170
0 227170
0 225170
0 222170
0 217170
0 212170
0 211170
0 209170
1 207170
0 206170
0 205170
1 204170
0 200170
0 199170
0 198170
0 197170
0 196170
0 194170
0 193170
0 191170
0 190170
0 189170
0 188170
0 187170
1 183170
1 182170
0 179170
0 175170
0 174170
0 173170
1 168170
0 167170
0 164170
0 162170
0 159170
0 158170
0 157170
0 156170
0 155170
0 154170
0 153170
0 152170
0 151170
0 148170
0 146170
0 145170
0 144170
0 142170
0 141170
0 140170
0 139170
0 138170
1 136170
0 134170
0 132170
0 131170
0 130170
0 129170
0 128170
1 121170
1 120170
1 119170
1 118170
0 114170
0 112170
0 111170
0 109170
0 107170
0 106170
0 103170
0 98170
0 97170
0 96170
0 95170
0 93170
0 91170
0 89170
0 88170
0 87170
0 85170
0 82170
1 78170
0 77170
0 76170
1 75170
0 73170
0 72170
0 70170
0 68170
0 60170
0 57170
0 55170
0 54170
0 53170
0 52170
0 51170
0 50170
0 49170
0 47170
0 46170
0 45170
0 41170
0 37170
0 35170
0 34170
0 33170
0 32170
0 29170
0 26170
0 24170
0 23170
0 22170
1 21170
0 18170
0 17170
0 16170
0 15170
0 14170
0 13170
0 12170
0 11170
0 10170
0 8170
0 7170
0 4170
0 3170
0 2170