0 5844042
0 5843042
0 5842042
0 5841042
0 5839042
0 5838042
0 5837042
0 5836042
0 5835042
0 5834042
0 5833042
0 5832042
0 5830042
0 5828042
0 5827042
0 5826042
0 5825042
0 5824042
0 5823042
0 5822042
0 5821042
0 5820042
0 5818042
0 5817042
0 5816042
0 5815042
0 5814042
0 5813042
0 5811042
0 5810042
0 5809042
0 5808042
0 5807042
0 5805042
0 5804042
0 5803042
0 5802042
0 5801042
0 5800042
0 5799042
0 5798042
0 5797042
0 5796042
0 5795042
0 5794042
0 5793042
0 5792042
0 5791042
0 5788042
0 5787042
0 5786042
0 5785042
0 5784042
0 5780042
0 5779042
0 5778042
0 5777042
0 5776042
0 5774042
0 5773042
0 5770042
0 5769042
0 5768042
0 5766042
0 5765042
0 5764042
0 5763042
0 5762042
0 5761042
0 5759042
0 5757042
0 5756042
0 5755042
0 5754042
0 5753042
0 5752042
0 5751042
0 5748042
0 5746042
0 5745042
0 5744042
0 5742042
0 5741042
0 5740042
0 5739042
0 5736042
0 5735042
0 5730042
0 5728042
0 5724042
0 5718042
0 5717042
0 5716042
0 5715042
0 5714042
0 5712042
0 5711042
0 5710042
0 5708042
0 5705042
0 5704042
0 5703042
0 5701042
0 5699042
0 5698042
0 5697042
0 5694042
0 5692042
0 5690042
0 5688042
0 5687042
0 5686042
0 5685042
0 5683042
0 5681042
0 5680042
1 5679042
0 5676042
0 5675042
0 5673042
0 5672042
0 5670042
0 5669042
0 5668042
0 5665042
0 5662042
0 5661042
0 5659042
0 5657042
0 5656042
0 5655042
0 5652042
0 5650042
0 5648042
0 5647042
0 5646042
0 5643042
0 5642042
0 5641042
0 5640042
0 5638042
0 5637042
0 5636042
0 5635042
0 5634042
0 5629042
0 5627042
0 5625042
0 5623042
0 5622042
0 5621042
0 5620042
0 5619042
0 5618042
0 5617042
0 5616042
0 5612042
0 5611042
0 5607042
0 5605042
0 5604042
0 5602042
0 5599042
0 5598042
0 5596042
0 5595042
0 5594042
0 5593042
0 5592042
0 5591042
0 5590042
0 5589042
0 5588042
0 5585042
0 5584042
0 5582042
0 5577042
0 5576042
0 5573042
0 5572042
0 5570042
0 5569042
0 5568042
0 5567042
0 5566042
0 5565042
0 5564042
0 5563042
0 5561042
0 5559042
0 5557042
0 5555042
0 5551042
0 5549042
0 5548042
0 5547042
0 5546042
0 5544042
0 5543042
0 5542042
0 5540042
0 5539042
0 5538042
0 5537042
1 5536042
0 5535042
0 5534042
0 5533042
0 5532042
0 5531042
0 5530042
0 5529042
0 5528042
0 5527042
0 5525042
0 5524042
0 5523042
0 5522042
0 5515042
0 5514042
0 5513042
0 5511042
0 5509042
0 5507042
0 5504042
0 5503042
0 5500042
0 5499042
0 5497042
0 5496042
0 5495042
0 5493042
0 5492042
1 5489042
0 5488042
0 5487042
0 5486042
0 5485042
0 5484042
0 5482042
0 5481042
1 5480042
1 5479042
1 5478042
1 5477042
0 5476042
0 5475042
0 5474042
0 5471042
0 5470042
0 5469042
0 5468042
0 5467042
0 5466042
0 5465042
0 5463042
0 5461042
0 5460042
0 5459042
0 5458042
0 5457042
0 5454042
0 5453042
0 5452042
0 5450042
0 5448042
0 5446042
0 5442042
0 5441042
0 5437042
0 5436042
0 5435042
0 5434042
0 5433042
0 5432042
0 5431042
0 5429042
0 5428042
0 5427042
0 5425042
0 5422042
0 5421042
0 5419042
0 5418042
0 5416042
0 5412042
0 5411042
0 5407042
0 5406042
0 5405042
0 5403042
0 5401042
0 5400042
0 5399042
0 5398042
0 5396042
0 5395042
0 5393042
0 5392042
0 5389042
0 5388042
0 5386042
0 5385042
0 5384042
0 5383042
0 5382042
0 5381042
0 5380042
0 5379042
0 5378042
0 5369042
0 5368042
0 5367042
0 5366042
1 5364042
0 5362042
0 5361042
0 5360042
0 5357042
0 5355042
0 5354042
0 5351042
0 5350042
0 5349042
0 5348042
0 5346042
0 5343042
0 5341042
0 5340042
0 5339042
0 5338042
0 5336042
0 5333042
0 5332042
0 5331042
0 5330042
0 5329042
0 5327042
0 5326042
0 5325042
0 5324042
0 5323042
0 5320042
0 5318042
0 5317042
0 5316042
0 5315042
0 5314042
0 5313042
0 5312042
0 5311042
0 5310042
0 5308042
0 5307042
0 5306042
0 5305042
0 5302042
0 5301042
0 5300042
0 5299042
0 5298042
0 5297042
0 5296042
0 5295042
0 5294042
0 5293042
0 5292042
0 5291042
0 5290042
0 5287042
0 5286042
0 5285042
0 5284042
0 5283042
0 5281042
0 5280042
0 5279042
0 5278042
0 5276042
0 5275042
0 5274042
0 5273042
0 5272042
0 5271042
0 5266042
0 5265042
0 5264042
0 5262042
0 5260042
0 5259042
0 5258042
0 5254042
0 5253042
0 5250042
0 5249042
0 5248042
0 5247042
0 5246042
0 5245042
0 5242042
0 5241042
0 5239042
0 5238042
0 5237042
0 5234042
0 5233042
0 5232042
1 5231042
0 5229042
1 5224042
0 5223042
1 5222042
0 5221042
0 5220042
0 5219042
0 5218042
0 5217042
0 5215042
0 5213042
0 5212042
0 5211042
0 5210042
0 5209042
0 5208042
0 5207042
0 5206042
0 5205042
0 5200042
0 5199042
0 5198042
0 5196042
0 5195042
0 5194042
0 5193042
0 5192042
0 5191042
0 5190042
0 5189042
0 5188042
0 5186042
0 5184042
0 5183042
0 5182042
0 5181042
0 5180042
0 5179042
0 5176042
0 5175042
0 5174042
0 5165042
0 5164042
0 5163042
0 5162042
0 5161042
0 5158042
0 5157042
0 5156042
0 5155042
0 5154042
0 5153042
0 5152042
0 5151042
0 5148042
0 5147042
0 5146042
0 5144042
0 5141042
0 5140042
0 5137042
1 5136042
0 5135042
0 5133042
0 5132042
0 5131042
0 5130042
0 5128042
0 5123042
0 5121042
0 5120042
0 5118042
0 5116042
0 5114042
0 5113042
0 5111042
0 5110042
0 5109042
0 5108042
0 5106042
0 5104042
0 5103042
0 5102042
0 5099042
0 5098042
0 5095042
0 5094042
0 5093042
0 5092042
0 5090042
0 5089042
0 5088042
0 5087042
0 5085042
0 5084042
0 5083042
0 5082042
0 5081042
0 5080042
0 5078042
0 5077042
0 5076042
0 5075042
0 5073042
0 5072042
0 5071042
0 5070042
0 5069042
0 5068042
0 5067042
0 5065042
0 5063042
0 5062042
0 5061042
0 5057042
0 5055042
0 5052042
0 5050042
0 5049042
0 5047042
0 5046042
0 5045042
0 5043042
0 5041042
0 5040042
0 5039042
0 5038042
0 5037042
0 5036042
0 5035042
0 5034042
0 5033042
0 5032042
0 5031042
0 5030042
0 5029042
0 5025042
0 5023042
0 5022042
0 5020042
0 5019042
0 5018042
0 5017042
0 5016042
0 5015042
0 5014042
0 5010042
0 5009042
0 5008042
0 5005042
0 5003042
0 5002042
0 5001042
0 4999042
0 4998042
0 4997042
0 4996042
0 4995042
1 4993042
0 4992042
0 4991042
0 4990042
0 4988042
0 4987042
0 4984042
0 4983042
0 4981042
0 4980042
0 4979042
0 4978042
0 4977042
0 4976042
0 4975042
0 4971042
0 4970042
0 4968042
0 4967042
0 4966042
0 4965042
0 4963042
0 4962042
0 4961042
0 4960042
0 4959042
0 4956042
0 4955042
0 4953042
0 4952042
0 4951042
0 4950042
0 4949042
0 4948042
0 4947042
0 4946042
0 4944042
0 4943042
0 4942042
0 4941042
0 4940042
0 4938042
0 4937042
0 4936042
0 4934042
0 4933042
0 4932042
0 4931042
0 4930042
0 4929042
0 4927042
0 4926042
0 4924042
0 4922042
0 4921042
0 4920042
0 4918042
0 4916042
0 4915042
0 4914042
0 4913042
0 4912042
0 4911042
1 4910042
0 4909042
0 4907042
0 4906042
0 4905042
0 4903042
0 4902042
0 4900042
0 4899042
0 4897042
0 4896042
0 4894042
0 4893042
0 4892042
0 4891042
0 4890042
0 4889042
0 4888042
0 4887042
0 4885042
0 4884042
0 4883042
0 4881042
0 4880042
0 4879042
0 4878042
0 4876042
0 4874042
0 4873042
0 4872042
0 4871042
0 4870042
0 4867042
0 4866042
0 4863042
0 4862042
0 4861042
0 4860042
0 4859042
0 4858042
0 4857042
0 4856042
0 4855042
0 4853042
0 4852042
0 4851042
0 4850042
0 4849042
0 4848042
0 4845042
0 4844042
0 4843042
1 4842042
0 4841042
0 4840042
0 4839042
0 4838042
0 4837042
0 4836042
0 4835042
0 4834042
0 4833042
0 4826042
0 4823042
0 4822042
0 4821042
0 4820042
0 4819042
0 4817042
0 4816042
0 4813042
0 4812042
0 4811042
0 4809042
0 4808042
0 4807042
1 4806042
0 4805042
0 4804042
0 4799042
0 4798042
0 4797042
0 4796042
0 4794042
0 4781042
0 4780042
0 4779042
0 4778042
0 4776042
0 4775042
0 4774042
0 4772042
0 4770042
0 4769042
0 4768042
0 4765042
0 4764042
0 4763042
0 4762042
1 4760042
0 4759042
1 4757042
1 4756042
1 4755042
1 4754042
0 4753042
0 4752042
1 4750042
0 4749042
0 4748042
0 4746042
0 4744042
0 4743042
0 4742042
0 4740042
0 4739042
0 4738042
0 4737042
0 4736042
0 4735042
0 4733042
0 4732042
0 4729042
0 4726042
0 4725042
0 4724042
0 4723042
0 4722042
0 4721042
0 4720042
0 4719042
0 4718042
0 4717042
0 4716042
0 4712042
0 4711042
0 4709042
0 4707042
0 4706042
0 4705042
0 4704042
0 4703042
0 4702042
0 4701042
1 4700042
0 4699042
0 4698042
0 4697042
0 4696042
0 4695042
0 4694042
1 4693042
0 4692042
0 4691042
0 4690042
0 4689042
0 4687042
0 4686042
0 4684042
0 4681042
0 4680042
0 4677042
0 4676042
0 4675042
0 4673042
0 4667042
0 4665042
0 4662042
0 4661042
0 4660042
0 4658042
0 4656042
0 4655042
0 4653042
0 4652042
0 4651042
0 4650042
0 4648042
0 4647042
0 4646042
0 4645042
0 4642042
0 4640042
0 4638042
0 4637042
0 4636042
0 4635042
0 4633042
0 4632042
0 4631042
0 4629042
0 4626042
0 4625042
0 4624042
0 4623042
0 4622042
0 4621042
0 4620042
0 4617042
0 4616042
0 4615042
0 4614042
0 4613042
0 4612042
0 4611042
0 4610042
0 4609042
0 4608042
0 4605042
0 4601042
0 4599042
0 4595042
0 4594042
0 4585042
0 4582042
0 4581042
0 4580042
0 4579042
0 4576042
0 4575042
0 4574042
0 4573042
0 4572042
0 4570042
0 4558042
0 4556042
0 4555042
0 4554042
0 4552042
0 4551042
0 4550042
0 4549042
0 4548042
0 4547042
0 4546042
0 4544042
0 4543042
0 4538042
0 4536042
0 4532042
0 4527042
0 4526042
0 4525042
0 4522042
0 4521042
0 4519042
0 4517042
0 4516042
0 4515042
0 4513042
0 4511042
0 4510042
1 4509042
0 4508042
0 4507042
0 4503042
0 4502042
0 4501042
0 4500042
0 4499042
0 4498042
0 4497042
0 4495042
0 4494042
0 4493042
0 4492042
0 4491042
0 4490042
0 4489042
0 4488042
0 4487042
0 4486042
0 4485042
0 4483042
0 4482042
0 4478042
0 4477042
0 4474042
0 4472042
0 4471042
0 4470042
0 4469042
0 4468042
0 4467042
0 4466042
0 4465042
0 4464042
0 4463042
0 4461042
0 4460042
0 4459042
0 4457042
0 4455042
0 4454042
0 4453042
0 4452042
0 4451042
0 4450042
0 4449042
0 4448042
0 4447042
0 4446042
0 4444042
0 4443042
0 4442042
0 4441042
0 4438042
0 4437042
0 4435042
0 4434042
0 4433042
0 4431042
0 4430042
0 4428042
0 4427042
0 4426042
0 4425042
0 4424042
0 4423042
0 4422042
0 4421042
0 4420042
0 4417042
0 4416042
0 4415042
0 4414042
0 4413042
0 4411042
0 4410042
0 4409042
0 4407042
0 4406042
0 4405042
0 4404042
0 4400042
0 4399042
0 4398042
0 4397042
0 4396042
0 4395042
0 4394042
0 4393042
0 4392042
0 4390042
0 4389042
0 4388042
0 4387042
0 4383042
0 4381042
0 4379042
0 4378042
0 4375042
0 4374042
0 4373042
0 4372042
0 4371042
0 4368042
0 4367042
0 4364042
0 4363042
0 4362042
0 4357042
0 4356042
0 4355042
0 4354042
0 4353042
0 4352042
0 4351042
0 4350042
0 4349042
0 4347042
0 4346042
0 4345042
0 4344042
0 4342042
0 4341042
0 4340042
0 4339042
0 4337042
0 4336042
0 4334042
0 4333042
0 4332042
0 4331042
0 4330042
0 4329042
0 4328042
0 4327042
0 4326042
0 4325042
0 4324042
0 4323042
0 4322042
0 4320042
0 4319042
0 4310042
0 4309042
0 4301042
0 4300042
0 4298042
0 4297042
0 4296042
0 4295042
0 4293042
0 4292042
0 4287042
0 4286042
0 4285042
0 4284042
0 4283042
0 4282042
0 4281042
0 4280042
0 4279042
0 4273042
0 4271042
0 4269042
0 4266042
0 4254042
0 4253042
0 4251042
0 4248042
0 4246042
0 4245042
0 4244042
0 4242042
0 4241042
0 4240042
0 4239042
0 4238042
0 4237042
0 4236042
0 4234042
0 4233042
0 4232042
0 4231042
0 4230042
0 4229042
0 4227042
0 4226042
0 4225042
0 4224042
0 4223042
0 4222042
0 4221042
0 4220042
0 4219042
0 4216042
1 4215042
1 4214042
0 4213042
0 4211042
0 4210042
0 4209042
0 4208042
0 4205042
0 4203042
0 4202042
0 4201042
0 4200042
0 4194042
0 4193042
0 4192042
0 4191042
0 4190042
0 4189042
0 4186042
0 4185042
0 4184042
0 4182042
0 4181042
0 4180042
0 4179042
0 4178042
0 4177042
0 4176042
0 4174042
0 4173042
0 4171042
0 4170042
0 4168042
0 4166042
0 4165042
0 4164042
0 4162042
0 4161042
0 4158042
0 4157042
0 4156042
0 4154042
0 4153042
0 4152042
0 4151042
0 4150042
0 4149042
0 4148042
0 4147042
0 4146042
0 4145042
0 4144042
0 4143042
0 4142042
0 4136042
0 4134042
0 4133042
0 4129042
0 4127042
0 4121042
0 4119042
0 4118042
0 4113042
0 4111042
0 4110042
0 4109042
0 4108042
0 4107042
0 4106042
0 4105042
0 4104042
0 4103042
0 4102042
0 4101042
0 4100042
0 4099042
0 4098042
0 4096042
0 4095042
0 4094042
0 4093042
0 4092042
0 4090042
0 4089042
0 4088042
0 4087042
0 4081042
0 4080042
0 4069042
0 4067042
0 4066042
0 4063042
0 4062042
0 4061042
0 4060042
0 4059042
0 4058042
0 4057042
0 4056042
0 4044042
0 4043042
0 4038042
0 4036042
0 4035042
0 4034042
0 4032042
0 4028042
0 4027042
0 4026042
0 4011042
0 4010042
0 4007042
0 4005042
0 4004042
0 4003042
0 3990042
0 3987042
0 3986042
0 3985042
0 3984042
0 3983042
0 3982042
0 3981042
0 3980042
0 3979042
0 3977042
0 3974042
0 3973042
0 3972042
0 3971042
0 3970042
0 3969042
0 3968042
0 3966042
0 3965042
0 3962042
0 3961042
0 3960042
0 3959042
0 3956042
0 3954042
0 3953042
0 3951042
0 3950042
0 3948042
0 3947042
0 3946042
0 3945042
0 3940042
0 3939042
0 3938042
0 3934042
0 3933042
0 3932042
0 3931042
0 3930042
0 3929042
0 3927042
0 3926042
0 3925042
0 3924042
0 3923042
0 3921042
0 3916042
0 3913042
0 3912042
0 3911042
0 3910042
0 3909042
0 3905042
0 3898042
0 3897042
0 3887042
0 3885042
0 3883042
0 3878042
0 3874042
0 3873042
0 3872042
0 3870042
0 3868042
0 3865042
0 3863042
0 3862042
0 3860042
0 3859042
0 3858042
0 3857042
0 3856042
0 3855042
0 3854042
0 3853042
0 3852042
0 3849042
0 3847042
0 3846042
0 3845042
0 3844042
0 3839042
0 3837042
0 3836042
0 3835042
0 3834042
0 3833042
0 3832042
0 3831042
0 3830042
0 3829042
0 3828042
0 3827042
0 3826042
0 3825042
0 3824042
0 3822042
0 3821042
0 3820042
0 3818042
0 3817042
0 3816042
0 3815042
0 3814042
0 3813042
0 3812042
0 3811042
0 3810042
0 3807042
0 3805042
0 3804042
0 3803042
0 3802042
0 3801042
0 3798042
0 3797042
0 3793042
0 3792042
0 3790042
0 3788042
0 3787042
0 3786042
0 3783042
0 3782042
0 3781042
0 3780042
0 3777042
0 3775042
0 3772042
0 3769042
0 3767042
0 3764042
0 3762042
0 3761042
0 3759042
0 3758042
0 3757042
0 3755042
0 3748042
0 3741042
0 3738042
0 3736042
0 3734042
0 3733042
0 3728042
0 3723042
0 3719042
0 3718042
0 3716042
0 3715042
0 3714042
0 3712042
1 3711042
1 3710042
0 3707042
0 3706042
0 3705042
0 3704042
0 3703042
0 3702042
1 3701042
1 3700042
0 3699042
0 3698042
0 3697042
0 3696042
0 3695042
0 3694042
0 3683042
0 3680042
0 3679042
0 3678042
0 3677042
0 3675042
0 3673042
0 3669042
0 3668042
0 3667042
0 3666042
0 3665042
0 3661042
0 3660042
0 3659042
0 3658042
0 3656042
0 3655042
0 3653042
0 3652042
0 3651042
0 3649042
0 3647042
0 3646042
0 3643042
0 3642042
0 3641042
0 3640042
0 3639042
0 3638042
0 3635042
0 3632042
0 3631042
0 3630042
1 3629042
0 3628042
0 3627042
0 3625042
0 3624042
0 3622042
0 3621042
0 3620042
0 3619042
0 3618042
0 3615042
0 3614042
0 3613042
0 3612042
0 3611042
0 3610042
0 3609042
0 3608042
0 3607042
0 3606042
0 3605042
0 3604042
0 3603042
0 3602042
0 3601042
0 3600042
0 3598042
0 3596042
0 3595042
0 3594042
0 3593042
0 3592042
1 3591042
0 3589042
0 3588042
0 3587042
0 3586042
0 3585042
0 3584042
0 3582042
0 3581042
0 3579042
0 3578042
0 3577042
0 3576042
0 3575042
0 3574042
0 3573042
0 3572042
0 3571042
0 3570042
0 3569042
0 3566042
0 3564042
0 3562042
0 3559042
0 3558042
0 3557042
0 3555042
0 3553042
0 3552042
0 3551042
0 3549042
0 3548042
0 3545042
0 3544042
0 3543042
0 3542042
0 3541042
0 3540042
0 3539042
0 3537042
0 3536042
0 3533042
0 3532042
0 3531042
0 3530042
0 3529042
0 3528042
0 3527042
0 3524042
0 3523042
0 3521042
0 3520042
0 3519042
0 3517042
0 3515042
0 3514042
0 3513042
0 3512042
0 3510042
0 3503042
1 3500042
0 3499042
0 3496042
0 3495042
0 3494042
0 3493042
0 3492042
0 3491042
0 3490042
0 3488042
0 3485042
0 3484042
0 3483042
0 3481042
0 3480042
0 3477042
0 3476042
0 3475042
1 3474042
0 3473042
0 3472042
0 3471042
0 3470042
0 3469042
0 3468042
0 3467042
0 3466042
0 3464042
0 3463042
0 3462042
0 3461042
0 3460042
0 3459042
0 3457042
0 3456042
0 3453042
0 3452042
0 3451042
0 3450042
0 3448042
0 3445042
0 3443042
0 3442042
0 3441042
0 3440042
0 3436042
0 3433042
0 3432042
0 3431042
0 3429042
0 3428042
0 3427042
0 3426042
0 3424042
0 3423042
0 3419042
0 3418042
0 3417042
0 3416042
0 3415042
0 3414042
0 3413042
0 3412042
0 3411042
0 3410042
0 3409042
0 3408042
0 3407042
0 3406042
0 3405042
0 3404042
0 3402042
0 3401042
0 3400042
0 3399042
0 3398042
0 3397042
0 3396042
0 3395042
0 3394042
0 3393042
0 3391042
0 3389042
0 3387042
0 3386042
0 3380042
0 3379042
0 3378042
0 3372042
0 3371042
0 3370042
0 3369042
0 3368042
0 3367042
0 3366042
0 3365042
0 3364042
0 3360042
1 3357042
0 3356042
0 3355042
0 3354042
0 3353042
0 3351042
0 3349042
0 3348042
0 3347042
0 3346042
0 3341042
0 3338042
0 3337042
0 3336042
0 3335042
0 3332042
0 3330042
0 3328042
0 3327042
0 3323042
0 3322042
0 3320042
0 3318042
1 3316042
0 3315042
0 3314042
0 3313042
0 3312042
0 3311042
0 3309042
0 3308042
0 3307042
0 3303042
0 3302042
0 3301042
0 3300042
0 3299042
0 3298042
0 3297042
0 3295042
0 3294042
0 3293042
0 3291042
0 3289042
0 3287042
0 3286042
0 3285042
0 3284042
0 3283042
0 3282042
0 3279042
0 3278042
0 3277042
0 3276042
0 3274042
0 3272042
0 3271042
0 3270042
0 3269042
0 3268042
1 3267042
0 3265042
0 3264042
0 3262042
0 3261042
0 3260042
0 3259042
0 3257042
0 3256042
0 3253042
0 3252042
0 3251042
0 3250042
0 3249042
0 3247042
0 3246042
0 3245042
0 3244042
0 3243042
0 3242042
0 3241042
0 3240042
0 3239042
0 3238042
0 3236042
0 3235042
0 3234042
0 3233042
0 3232042
0 3230042
0 3227042
0 3225042
0 3223042
0 3222042
0 3221042
0 3220042
0 3219042
0 3216042
0 3215042
0 3214042
0 3213042
0 3212042
0 3211042
0 3205042
0 3204042
0 3203042
0 3201042
0 3200042
0 3194042
0 3193042
0 3192042
0 3188042
0 3183042
0 3182042
0 3180042
0 3179042
0 3178042
0 3173042
0 3172042
1 3171042
0 3169042
0 3168042
0 3167042
0 3165042
0 3164042
0 3163042
0 3162042
0 3161042
0 3157042
0 3156042
0 3153042
0 3151042
0 3150042
0 3149042
0 3148042
0 3147042
0 3146042
0 3144042
0 3143042
0 3139042
0 3138042
0 3137042
0 3134042
0 3133042
0 3132042
0 3131042
0 3130042
1 3129042
0 3128042
1 3125042
0 3124042
0 3122042
1 3121042
0 3120042
0 3119042
0 3118042
0 3117042
0 3116042
0 3115042
0 3114042
0 3113042
0 3112042
0 3111042
0 3110042
0 3109042
0 3108042
0 3106042
0 3105042
0 3104042
0 3103042
0 3102042
0 3101042
0 3100042
0 3098042
0 3096042
0 3095042
0 3094042
0 3092042
0 3091042
0 3090042
0 3088042
0 3086042
0 3085042
0 3084042
0 3082042
0 3081042
0 3077042
0 3076042
0 3074042
0 3072042
0 3069042
0 3068042
0 3067042
0 3066042
0 3063042
0 3062042
0 3059042
0 3058042
0 3056042
0 3055042
0 3054042
0 3048042
0 3047042
0 3046042
0 3045042
0 3043042
0 3042042
0 3040042
0 3038042
0 3037042
0 3036042
0 3034042
0 3032042
0 3031042
0 3030042
0 3029042
0 3028042
0 3027042
0 3026042
0 3025042
0 3024042
0 3023042
0 3022042
0 3021042
0 3020042
0 3019042
0 3018042
0 3012042
0 3011042
0 3010042
0 3009042
0 3007042
0 3006042
0 3005042
0 3004042
0 3003042
0 3000042
0 2999042
0 2998042
0 2997042
0 2996042
0 2995042
0 2994042
0 2993042
0 2991042
0 2989042
0 2988042
0 2985042
0 2984042
0 2983042
0 2980042
0 2977042
0 2976042
0 2973042
0 2972042
0 2971042
0 2970042
0 2969042
0 2968042
0 2966042
0 2962042
0 2960042
0 2959042
0 2956042
0 2954042
0 2953042
0 2951042
0 2950042
0 2949042
0 2948042
0 2947042
0 2946042
0 2936042
0 2933042
0 2932042
0 2931042
0 2930042
0 2929042
0 2928042
1 2927042
0 2924042
0 2923042
0 2922042
0 2918042
0 2915042
0 2914042
0 2913042
0 2912042
0 2909042
0 2908042
0 2907042
0 2906042
0 2905042
0 2904042
0 2903042
0 2902042
0 2901042
0 2900042
0 2896042
0 2894042
0 2893042
0 2892042
0 2891042
0 2890042
0 2889042
0 2888042
0 2886042
0 2885042
0 2884042
0 2882042
0 2881042
0 2879042
1 2878042
0 2877042
0 2875042
0 2874042
0 2873042
0 2872042
0 2869042
0 2868042
0 2867042
0 2866042
0 2864042
0 2863042
0 2862042
0 2861042
0 2860042
0 2859042
0 2857042
0 2856042
0 2854042
0 2853042
1 2850042
0 2849042
0 2847042
0 2846042
0 2845042
0 2844042
0 2843042
0 2842042
0 2841042
0 2838042
0 2837042
0 2836042
0 2835042
0 2832042
0 2830042
0 2826042
0 2825042
0 2822042
0 2820042
0 2819042
0 2818042
0 2816042
0 2814042
0 2813042
0 2812042
0 2811042
0 2810042
0 2808042
0 2806042
0 2805042
1 2804042
1 2803042
0 2802042
0 2801042
0 2800042
0 2799042
0 2798042
0 2797042
0 2796042
0 2795042
0 2794042
0 2793042
0 2791042
0 2789042
0 2787042
0 2786042
1 2784042
0 2783042
0 2782042
0 2781042
0 2779042
0 2778042
0 2777042
0 2774042
0 2772042
0 2771042
0 2770042
0 2769042
0 2767042
0 2766042
0 2765042
0 2764042
0 2763042
0 2762042
0 2761042
0 2760042
0 2759042
0 2758042
0 2757042
0 2754042
0 2752042
0 2751042
0 2750042
0 2749042
0 2748042
0 2747042
0 2746042
0 2745042
0 2744042
0 2743042
0 2741042
0 2739042
0 2738042
0 2737042
0 2735042
0 2734042
0 2730042
0 2729042
0 2728042
0 2727042
0 2726042
0 2725042
0 2724042
0 2723042
0 2722042
0 2721042
0 2720042
0 2719042
0 2717042
0 2716042
0 2713042
0 2708042
0 2706042
0 2705042
0 2703042
0 2699042
0 2698042
0 2697042
0 2696042
0 2695042
0 2694042
0 2693042
0 2691042
0 2689042
0 2688042
0 2687042
0 2686042
0 2684042
0 2679042
0 2678042
0 2677042
0 2676042
0 2675042
0 2674042
0 2673042
0 2672042
0 2671042
0 2669042
0 2667042
0 2664042
1 2663042
1 2662042
0 2661042
0 2660042
0 2659042
0 2655042
0 2653042
0 2651042
0 2650042
0 2649042
0 2648042
0 2647042
0 2646042
0 2644042
0 2642042
0 2641042
0 2640042
0 2639042
0 2638042
0 2637042
0 2636042
0 2635042
0 2634042
0 2632042
0 2631042
0 2630042
0 2629042
1 2628042
0 2627042
0 2626042
0 2625042
0 2623042
0 2620042
0 2616042
0 2615042
0 2614042
0 2613042
0 2611042
0 2610042
0 2609042
0 2608042
0 2605042
0 2603042
0 2602042
0 2601042
0 2600042
0 2599042
0 2597042
0 2596042
0 2595042
0 2594042
0 2593042
0 2592042
0 2591042
0 2588042
0 2587042
0 2586042
0 2585042
0 2584042
0 2582042
0 2581042
0 2580042
0 2579042
0 2578042
0 2577042
0 2576042
0 2575042
0 2572042
0 2571042
0 2570042
0 2569042
0 2567042
0 2566042
0 2565042
0 2564042
0 2562042
0 2561042
0 2560042
0 2559042
0 2557042
0 2556042
0 2555042
0 2554042
0 2553042
0 2552042
0 2551042
0 2550042
0 2549042
0 2548042
0 2546042
0 2544042
0 2542042
0 2541042
0 2539042
0 2537042
0 2536042
0 2535042
0 2534042
0 2533042
0 2532042
0 2531042
0 2530042
0 2529042
0 2528042
0 2527042
0 2524042
0 2523042
0 2521042
0 2519042
0 2516042
0 2515042
0 2513042
0 2511042
0 2510042
0 2509042
0 2508042
0 2507042
0 2506042
0 2505042
0 2503042
0 2502042
0 2500042
0 2499042
0 2498042
0 2497042
0 2496042
0 2495042
0 2494042
0 2493042
0 2490042
0 2488042
0 2486042
0 2485042
0 2484042
0 2483042
0 2482042
0 2479042
0 2478042
0 2474042
0 2473042
0 2472042
0 2471042
0 2470042
0 2469042
0 2468042
0 2465042
0 2464042
0 2463042
0 2461042
0 2460042
0 2459042
0 2458042
0 2457042
0 2456042
0 2455042
0 2453042
0 2452042
0 2450042
0 2449042
0 2447042
0 2446042
0 2445042
0 2436042
0 2435042
0 2433042
0 2432042
0 2431042
0 2429042
0 2428042
0 2427042
0 2426042
0 2425042
0 2424042
0 2423042
0 2422042
0 2421042
0 2420042
0 2419042
0 2417042
0 2416042
0 2415042
0 2414042
0 2413042
0 2412042
0 2411042
0 2410042
0 2408042
0 2407042
0 2406042
0 2405042
0 2402042
0 2401042
0 2399042
0 2398042
0 2397042
0 2395042
0 2394042
0 2393042
0 2392042
0 2390042
0 2389042
0 2388042
0 2387042
0 2386042
0 2385042
0 2384042
0 2383042
0 2382042
0 2381042
0 2380042
0 2379042
0 2378042
0 2377042
0 2375042
0 2374042
0 2373042
0 2372042
0 2371042
0 2370042
0 2369042
0 2368042
0 2366042
0 2365042
0 2364042
0 2363042
0 2362042
0 2361042
0 2359042
0 2358042
0 2356042
0 2355042
0 2353042
0 2352042
0 2351042
0 2350042
0 2349042
0 2348042
0 2347042
0 2346042
0 2344042
0 2343042
1 2342042
0 2341042
0 2340042
0 2337042
0 2336042
0 2334042
0 2332042
0 2330042
0 2329042
0 2327042
0 2325042
0 2324042
0 2321042
0 2320042
0 2316042
0 2315042
0 2313042
0 2312042
0 2311042
0 2310042
0 2309042
0 2308042
0 2307042
0 2306042
0 2305042
0 2304042
0 2303042
0 2302042
0 2300042
0 2299042
0 2297042
0 2296042
0 2295042
0 2294042
0 2293042
0 2292042
0 2291042
0 2290042
0 2289042
0 2286042
0 2285042
0 2284042
0 2283042
0 2282042
0 2280042
0 2279042
0 2277042
0 2276042
0 2274042
0 2273042
0 2272042
0 2271042
0 2270042
0 2269042
0 2268042
0 2264042
0 2261042
0 2260042
0 2259042
0 2258042
0 2250042
0 2249042
0 2248042
0 2247042
0 2245042
0 2244042
0 2243042
0 2241042
0 2240042
0 2239042
0 2237042
0 2236042
0 2234042
0 2233042
0 2232042
0 2231042
0 2230042
0 2229042
0 2228042
0 2225042
0 2224042
0 2223042
0 2222042
0 2221042
0 2218042
0 2215042
0 2212042
0 2208042
0 2195042
0 2191042
0 2190042
0 2189042
0 2188042
0 2187042
0 2186042
0 2184042
0 2183042
0 2182042
0 2181042
0 2179042
0 2178042
0 2177042
0 2176042
0 2174042
0 2173042
0 2172042
0 2171042
0 2170042
0 2169042
0 2168042
0 2167042
0 2166042
0 2165042
0 2164042
0 2163042
0 2162042
0 2161042
1 2160042
0 2159042
0 2158042
0 2157042
0 2156042
0 2155042
0 2154042
0 2153042
0 2152042
0 2151042
0 2150042
0 2149042
0 2147042
0 2146042
0 2145042
0 2144042
0 2143042
0 2142042
0 2141042
0 2140042
0 2139042
0 2138042
0 2137042
0 2136042
0 2133042
0 2132042
0 2131042
0 2130042
0 2128042
0 2127042
0 2126042
0 2125042
0 2124042
0 2123042
0 2118042
0 2116042
0 2114042
0 2112042
0 2111042
0 2108042
0 2107042
0 2105042
0 2104042
0 2103042
0 2102042
0 2101042
0 2100042
0 2098042
0 2092042
0 2090042
0 2089042
0 2088042
0 2087042
0 2086042
0 2085042
0 2084042
0 2076042
0 2074042
0 2073042
0 2071042
0 2069042
0 2066042
0 2065042
0 2064042
0 2056042
0 2055042
0 2054042
0 2053042
0 2052042
0 2051042
0 2050042
0 2049042
0 2048042
0 2047042
0 2045042
0 2044042
0 2043042
0 2042042
0 2041042
0 2040042
0 2039042
0 2037042
0 2014042
0 2013042
0 2012042
0 2010042
0 2009042
0 2008042
0 2007042
0 2006042
0 2005042
0 2004042
0 1998042
0 1996042
0 1994042
0 1993042
0 1992042
0 1991042
0 1990042
0 1989042
0 1987042
0 1986042
0 1985042
0 1984042
0 1982042
0 1981042
0 1980042
0 1979042
0 1978042
0 1976042
0 1975042
0 1974042
0 1972042
0 1971042
0 1970042
0 1966042
0 1965042
0 1963042
0 1961042
0 1960042
0 1959042
0 1957042
0 1956042
0 1955042
0 1954042
0 1953042
0 1952042
0 1951042
0 1948042
0 1947042
0 1946042
0 1945042
0 1939042
0 1938042
0 1937042
0 1936042
0 1935042
0 1934042
0 1930042
0 1928042
0 1927042
0 1926042
0 1925042
0 1924042
0 1923042
0 1917042
0 1916042
0 1914042
0 1912042
0 1903042
0 1902042
0 1901042
0 1900042
0 1899042
0 1898042
0 1897042
0 1896042
0 1895042
0 1892042
0 1891042
0 1890042
0 1889042
0 1888042
0 1887042
0 1886042
0 1885042
0 1884042
0 1883042
0 1881042
0 1879042
0 1876042
0 1874042
0 1872042
0 1871042
0 1868042
0 1867042
0 1866042
0 1865042
0 1864042
0 1863042
0 1861042
0 1860042
0 1857042
0 1856042
0 1855042
0 1853042
0 1852042
0 1850042
0 1848042
0 1847042
0 1845042
0 1842042
0 1841042
0 1839042
0 1837042
0 1836042
0 1835042
0 1834042
0 1833042
0 1830042
0 1829042
0 1828042
0 1827042
0 1826042
0 1825042
0 1823042
0 1811042
0 1809042
1 1807042
0 1805042
0 1804042
0 1803042
0 1802042
0 1801042
0 1800042
0 1798042
0 1795042
0 1794042
0 1792042
0 1791042
0 1790042
1 1789042
0 1787042
0 1786042
0 1785042
1 1784042
0 1783042
0 1782042
0 1779042
0 1778042
1 1777042
0 1776042
0 1775042
0 1774042
1 1773042
1 1772042
0 1771042
0 1769042
1 1768042
1 1765042
0 1762042
0 1761042
0 1760042
0 1759042
0 1758042
0 1757042
0 1756042
0 1752042
0 1750042
0 1749042
0 1748042
0 1746042
0 1745042
0 1744042
0 1743042
0 1738042
1 1737042
0 1733042
0 1732042
0 1729042
0 1726042
0 1725042
0 1724042
0 1723042
0 1722042
0 1720042
0 1718042
0 1717042
0 1715042
0 1714042
0 1711042
0 1709042
0 1708042
0 1707042
0 1704042
0 1703042
0 1702042
0 1700042
0 1699042
0 1698042
0 1697042
0 1695042
0 1694042
0 1693042
0 1692042
0 1690042
0 1689042
0 1688042
0 1687042
0 1686042
0 1685042
0 1683042
0 1682042
0 1681042
0 1680042
0 1679042
0 1678042
1 1677042
0 1676042
0 1675042
0 1674042
0 1673042
0 1668042
0 1666042
0 1665042
0 1664042
0 1663042
0 1662042
0 1661042
0 1660042
0 1658042
0 1657042
0 1656042
0 1655042
0 1652042
0 1651042
0 1650042
0 1649042
0 1648042
0 1647042
0 1646042
0 1643042
0 1640042
0 1638042
0 1637042
0 1635042
0 1634042
0 1633042
0 1632042
0 1631042
0 1630042
0 1629042
0 1628042
4 1627042
0 1626042
0 1625042
0 1624042
0 1623042
0 1621042
0 1620042
0 1619042
0 1618042
0 1617042
0 1616042
0 1615042
0 1614042
0 1611042
0 1609042
0 1608042
0 1606042
0 1602042
0 1601042
0 1599042
0 1598042
0 1597042
0 1595042
0 1594042
0 1593042
0 1591042
0 1589042
0 1588042
0 1586042
0 1581042
0 1580042
0 1579042
0 1578042
0 1577042
0 1576042
0 1575042
0 1574042
0 1573042
0 1572042
0 1571042
0 1570042
0 1569042
0 1567042
0 1566042
0 1565042
0 1564042
0 1563042
0 1560042
0 1559042
0 1556042
0 1555042
0 1554042
0 1552042
0 1551042
0 1549042
1 1546042
0 1543042
0 1541042
0 1540042
0 1539042
0 1538042
0 1536042
0 1535042
0 1530042
0 1529042
0 1528042
0 1527042
0 1526042
0 1525042
0 1524042
0 1523042
0 1522042
0 1521042
0 1520042
0 1519042
0 1518042
0 1515042
0 1513042
0 1512042
0 1510042
0 1509042
0 1508042
0 1507042
0 1506042
0 1504042
0 1503042
0 1501042
0 1497042
0 1496042
0 1495042
0 1494042
0 1493042
0 1491042
0 1490042
0 1487042
0 1486042
1 1485042
0 1484042
0 1483042
0 1480042
0 1479042
0 1478042
0 1476042
0 1472042
0 1471042
0 1468042
0 1467042
0 1464042
0 1463042
0 1462042
0 1460042
0 1459042
0 1458042
0 1453042
0 1450042
0 1449042
0 1448042
0 1447042
0 1446042
0 1444042
0 1442042
0 1440042
0 1438042
0 1437042
0 1436042
0 1435042
0 1433042
0 1430042
0 1428042
0 1427042
0 1425042
0 1424042
0 1423042
0 1422042
0 1420042
0 1419042
0 1418042
0 1417042
0 1415042
0 1414042
0 1413042
0 1412042
0 1411042
0 1408042
0 1406042
0 1405042
0 1404042
1 1403042
1 1401042
1 1400042
0 1398042
0 1397042
0 1395042
0 1394042
0 1393042
0 1392042
0 1391042
0 1390042
0 1389042
0 1388042
0 1387042
0 1385042
0 1384042
0 1382042
0 1381042
0 1378042
0 1377042
0 1376042
0 1371042
0 1369042
0 1365042
0 1364042
0 1363042
0 1362042
0 1361042
0 1360042
0 1359042
0 1357042
0 1356042
0 1355042
0 1354042
0 1353042
0 1352042
0 1350042
0 1348042
0 1347042
0 1344042
0 1343042
0 1342042
0 1341042
0 1340042
0 1339042
0 1338042
0 1336042
0 1335042
0 1324042
0 1322042
0 1321042
0 1319042
0 1316042
0 1315042
0 1311042
0 1310042
0 1308042
0 1307042
0 1300042
0 1297042
0 1296042
0 1294042
0 1293042
0 1291042
0 1289042
0 1288042
0 1287042
0 1285042
0 1279042
0 1278042
0 1276042
0 1274042
0 1273042
0 1272042
0 1271042
0 1268042
0 1267042
0 1266042
0 1265042
0 1264042
0 1263042
0 1262042
0 1261042
0 1260042
0 1259042
0 1258042
0 1257042
0 1256042
0 1255042
0 1254042
0 1253042
0 1252042
0 1251042
0 1250042
0 1249042
0 1248042
0 1247042
0 1246042
0 1245042
0 1244042
0 1243042
0 1241042
0 1237042
0 1236042
1 1235042
1 1234042
0 1233042
0 1232042
0 1231042
0 1228042
1 1227042
0 1226042
0 1225042
0 1224042
0 1221042
0 1219042
0 1218042
0 1216042
0 1215042
0 1213042
0 1212042
0 1211042
1 1210042
0 1209042
0 1207042
0 1206042
0 1204042
0 1203042
0 1202042
0 1199042
0 1198042
0 1197042
0 1195042
0 1192042
0 1187042
0 1186042
0 1185042
0 1183042
0 1176042
0 1175042
0 1174042
0 1173042
1 1172042
0 1171042
0 1170042
0 1169042
0 1168042
0 1167042
1 1165042
0 1164042
0 1163042
0 1162042
0 1161042
0 1160042
0 1158042
1 1156042
0 1153042
0 1152042
0 1149042
0 1147042
0 1146042
0 1143042
0 1142042
0 1140042
0 1135042
0 1134042
0 1133042
0 1132042
0 1131042
0 1130042
0 1128042
0 1126042
0 1125042
0 1124042
0 1123042
0 1122042
0 1121042
0 1120042
0 1119042
0 1118042
0 1117042
0 1116042
0 1115042
0 1114042
0 1113042
0 1112042
0 1111042
0 1110042
0 1109042
0 1108042
0 1107042
0 1106042
0 1105042
0 1104042
0 1103042
0 1102042
0 1101042
0 1099042
0 1098042
0 1097042
0 1096042
0 1092042
1 1091042
0 1089042
0 1088042
0 1086042
0 1085042
0 1084042
0 1083042
0 1081042
0 1080042
0 1079042
0 1077042
0 1076042
0 1075042
1 1073042
1 1069042
0 1067042
0 1066042
0 1064042
0 1063042
0 1061042
0 1060042
0 1059042
0 1058042
0 1055042
0 1054042
0 1053042
0 1051042
0 1050042
0 1047042
1 1046042
0 1045042
0 1044042
0 1042042
0 1040042
0 1039042
0 1038042
0 1037042
0 1035042
1 1033042
0 1031042
0 1027042
0 1026042
0 1025042
0 1024042
0 1023042
0 1022042
0 1021042
0 1020042
0 1019042
0 1018042
0 1017042
0 1016042
0 1015042
0 1014042
0 1013042
0 1012042
0 1011042
0 1010042
0 1009042
0 1008042
0 1007042
0 1006042
0 1005042
0 999042
0 998042
0 992042
0 991042
0 989042
0 988042
0 987042
0 986042
1 985042
0 984042
0 983042
0 982042
0 981042
0 980042
0 977042
0 976042
0 975042
0 974042
0 973042
0 972042
0 971042
0 970042
0 969042
0 968042
0 967042
0 966042
0 965042
0 964042
0 963042
0 962042
0 961042
0 960042
0 959042
0 958042
0 957042
0 956042
0 955042
0 954042
0 951042
0 950042
0 949042
0 948042
0 947042
0 946042
0 945042
1 944042
0 941042
0 940042
0 938042
0 937042
0 935042
0 931042
0 930042
0 929042
0 928042
0 927042
0 926042
0 925042
0 924042
0 900042
0 896042
1 895042
0 851042
0 847042
0 845042
0 843042
0 842042
0 841042
0 840042
0 839042
0 838042
0 837042
0 836042
0 835042
0 834042
0 830042
0 829042
0 784042
0 783042
0 782042
0 781042
0 780042
0 779042
0 778042
0 777042
0 776042
0 774042
0 772042
1 771042
0 770042
0 769042
0 768042
0 767042
0 766042
0 765042
0 764042
0 763042
0 762042
0 761042
0 760042
0 759042
0 757042
0 754042
0 752042
1 751042
0 750042
0 749042
0 747042
1 744042
0 743042
0 742042
0 741042
0 740042
0 739042
0 738042
0 737042
0 736042
0 735042
0 734042
0 733042
0 732042
0 730042
0 729042
0 728042
0 727042
0 726042
0 723042
0 721042
0 720042
0 719042
0 715042
0 714042
0 713042
0 712042
0 711042
0 710042
0 709042
0 708042
0 707042
0 706042
0 705042
0 704042
0 696042
0 694042
0 691042
0 690042
0 687042
0 686042
0 684042
0 681042
0 680042
0 679042
0 678042
0 677042
0 676042
0 672042
0 671042
0 670042
1 669042
0 666042
0 665042
0 664042
0 663042
0 662042
0 661042
0 654042
0 652042
0 651042
0 650042
0 649042
0 648042
0 647042
0 646042
0 645042
0 644042
0 643042
0 642042
0 641042
0 640042
0 639042
0 638042
0 637042
0 636042
0 635042
0 634042
0 633042
0 632042
0 631042
0 630042
0 629042
0 628042
0 627042
0 626042
0 625042
0 624042
0 623042
0 622042
0 621042
1 620042
0 619042
1 618042
1 617042
1 616042
1 615042
1 613042
1 612042
1 611042
1 610042
1 609042
1 608042
0 607042
1 606042
1 605042
1 604042
1 603042
1 602042
0 601042
1 600042
0 599042
0 598042
0 596042
0 595042
0 594042
0 593042
0 592042
0 591042
0 590042
0 582042
0 581042
1 580042
0 579042
1 578042
0 573042
0 572042
0 566042
0 565042
0 564042
0 563042
0 555042
0 553042
0 552042
0 550042
0 549042
0 548042
0 547042
0 546042
0 544042
0 543042
0 541042
0 537042
0 536042
0 534042
0 533042
0 531042
0 530042
0 529042
0 528042
0 527042
0 524042
0 523042
0 521042
0 520042
1 519042
1 518042
1 517042
0 516042
1 515042
0 513042
0 512042
0 509042
0 508042
1 507042
0 504042
0 502042
0 499042
0 498042
0 497042
0 496042
0 495042
0 494042
0 485042
1 484042
1 480042
1 477042
1 476042
1 473042
0 472042
0 465042
1 459042
0 456042
0 455042
1 451042
1 449042
1 447042
0 442042
1 439042
1 431042
1 426042
1 425042
1 423042
1 422042
1 421042
1 419042
1 418042
1 411042
1 410042
0 393042
0 392042
0 391042
0 390042
0 389042
0 387042
1 386042
1 385042
0 384042
0 383042
0 382042
0 381042
0 380042
0 378042
0 377042
0 376042
0 374042
0 372042
0 370042
0 367042
1 362042
1 361042
1 360042
1 359042
0 355042
0 353042
0 352042
0 351042
0 350042
0 349042
0 348042
0 347042
0 346042
0 341042
0 340042
0 338042
0 333042
0 331042
0 326042
0 322042
0 321042
0 314042
0 313042
0 312042
0 310042
1 309042
0 308042
0 306042
0 305042
0 303042
0 301042
0 300042
0 299042
0 296042
0 295042
0 294042
0 293042
0 290042
0 289042
0 288042
0 286042
0 285042
0 282042
1 280042
0 279042
0 278042
0 277042
0 276042
0 275042
0 274042
0 273042
0 272042
0 271042
0 270042
0 268042
0 267042
0 260042
0 258042
0 257042
0 255042
0 252042
0 251042
0 248042
0 247042
0 246042
0 244042
0 243042
0 242042
0 241042
0 239042
0 238042
1 237042
0 235042
0 234042
0 231042
0 230042
0 228042
0 227042
0 226042
0 225042
0 222042
0 220042
0 219042
0 217042
0 214042
1 213042
0 212042
0 211042
0 210042
0 209042
0 207042
0 206042
0 205042
0 204042
0 203042
0 201042
0 200042
0 199042
0 198042
0 197042
0 196042
0 195042
0 194042
0 192042
0 191042
0 187042
0 186042
0 185042
0 184042
0 183042
0 181042
0 180042
0 178042
0 177042
0 176042
0 175042
0 174042
0 173042
0 172042
0 169042
0 168042
0 167042
0 166042
0 165042
0 164042
0 163042
0 162042
0 160042
0 157042
0 156042
0 155042
0 153042
0 152042
1 151042
0 145042
0 143042
0 142042
0 141042
0 138042
0 137042
0 135042
0 133042
0 132042
0 131042
0 130042
0 121042
0 120042
0 119042
0 118042
0 117042
0 115042
0 114042
0 113042
0 108042
0 107042
0 103042
0 102042
0 101042
0 100042
0 99042
0 93042
0 92042
0 90042
0 89042
0 82042
0 81042
0 78042
0 77042
0 74042
0 73042
0 69042
0 68042
0 66042
0 65042
0 64042
1 62042
0 60042
0 58042
0 57042
0 55042
0 53042
0 48042
0 47042
0 45042
0 44042
0 42042
0 38042
0 36042
0 35042
0 31042
0 30042
0 28042
0 27042
0 24042
0 22042
0 21042
0 19042
0 18042
0 14042
0 13042
0 7042
0 3042
0 2042
1 1042