0 25666014
0 25664014
0 25663014
0 25661014
0 25660014
0 25656014
0 25653014
0 25652014
0 25651014
0 25650014
0 25649014
0 25647014
0 25646014
0 25644014
0 25643014
0 25639014
0 25638014
0 25637014
0 25636014
0 25634014
0 25630014
0 25628014
0 25627014
0 25626014
0 25625014
0 25624014
0 25623014
0 25622014
0 25620014
0 25619014
0 25618014
0 25615014
0 25614014
0 25613014
0 25612014
0 25611014
0 25610014
0 25609014
0 25607014
0 25605014
0 25604014
0 25603014
0 25602014
0 25601014
0 25599014
0 25598014
0 25597014
0 25596014
0 25595014
0 25594014
0 25593014
0 25592014
0 25591014
0 25588014
0 25587014
0 25586014
0 25585014
0 25584014
0 25583014
0 25582014
0 25581014
0 25580014
0 25579014
0 25578014
0 25577014
0 25576014
0 25575014
0 25574014
0 25573014
0 25572014
0 25571014
0 25568014
0 25567014
0 25566014
0 25565014
0 25564014
0 25563014
0 25562014
0 25561014
0 25560014
0 25559014
0 25558014
0 25557014
0 25556014
0 25555014
0 25554014
0 25552014
0 25551014
0 25550014
0 25549014
0 25548014
0 25547014
0 25545014
0 25543014
0 25542014
0 25541014
0 25540014
0 25534014
0 25533014
0 25532014
0 25531014
0 25530014
0 25529014
0 25528014
0 25527014
0 25526014
0 25520014
0 25514014
0 25512014
0 25510014
0 25508014
0 25507014
0 25506014
0 25504014
0 25502014
0 25500014
0 25499014
0 25497014
0 25496014
0 25495014
0 25493014
0 25492014
0 25491014
0 25490014
0 25489014
0 25487014
0 25485014
0 25484014
0 25483014
0 25482014
0 25481014
0 25480014
0 25479014
0 25478014
0 25477014
0 25476014
0 25475014
0 25474014
0 25472014
0 25471014
0 25466014
0 25465014
0 25464014
0 25462014
0 25460014
0 25459014
0 25458014
0 25457014
0 25454014
0 25453014
0 25452014
0 25450014
0 25449014
0 25448014
0 25442014
0 25441014
0 25440014
0 25439014
0 25438014
0 25437014
0 25436014
0 25434014
0 25433014
0 25431014
0 25429014
0 25428014
0 25427014
0 25426014
0 25425014
0 25424014
0 25423014
0 25422014
0 25421014
0 25420014
0 25419014
0 25417014
0 25416014
0 25415014
0 25414014
0 25413014
0 25412014
0 25411014
0 25410014
0 25409014
0 25407014
0 25404014
0 25403014
0 25397014
0 25396014
0 25395014
0 25394014
0 25393014
0 25392014
0 25391014
0 25390014
0 25387014
0 25385014
0 25384014
0 25383014
0 25382014
0 25380014
0 25379014
0 25373014
0 25371014
0 25370014
0 25369014
0 25368014
0 25366014
0 25364014
0 25363014
0 25360014
0 25359014
0 25358014
0 25357014
0 25356014
0 25355014
0 25354014
0 25352014
0 25351014
0 25350014
0 25349014
0 25348014
0 25347014
0 25346014
0 25345014
0 25343014
0 25342014
0 25341014
0 25340014
0 25339014
0 25338014
0 25337014
0 25336014
0 25334014
0 25332014
0 25331014
0 25323014
0 25322014
0 25321014
0 25320014
0 25318014
0 25317014
0 25314014
0 25312014
0 25311014
0 25309014
0 25308014
0 25306014
0 25305014
0 25304014
0 25303014
0 25301014
0 25297014
0 25296014
0 25295014
1 25294014
0 25293014
0 25292014
0 25291014
0 25290014
0 25287014
0 25286014
0 25284014
0 25283014
0 25282014
0 25281014
0 25279014
0 25278014
0 25277014
1 25276014
0 25273014
0 25272014
0 25271014
0 25270014
0 25269014
0 25267014
0 25266014
0 25265014
0 25259014
0 25258014
0 25257014
0 25256014
0 25254014
0 25253014
0 25252014
0 25251014
0 25249014
0 25248014
0 25247014
0 25245014
0 25244014
0 25242014
0 25241014
0 25240014
0 25237014
0 25236014
0 25235014
0 25234014
0 25233014
0 25232014
0 25231014
0 25230014
0 25229014
0 25228014
0 25227014
0 25226014
0 25225014
0 25224014
0 25223014
0 25222014
0 25221014
0 25219014
0 25218014
0 25217014
0 25216014
0 25215014
0 25213014
0 25212014
0 25210014
0 25209014
0 25208014
0 25207014
0 25206014
0 25205014
0 25204014
0 25203014
0 25202014
0 25201014
0 25200014
0 25199014
0 25198014
0 25197014
0 25196014
0 25194014
0 25193014
0 25191014
0 25190014
0 25189014
0 25188014
0 25186014
0 25185014
0 25182014
0 25181014
0 25180014
0 25179014
0 25177014
0 25176014
0 25175014
0 25173014
0 25172014
0 25171014
0 25170014
0 25169014
0 25168014
0 25167014
0 25166014
0 25165014
0 25164014
0 25163014
0 25162014
0 25161014
0 25159014
0 25158014
0 25156014
0 25155014
0 25154014
0 25153014
0 25152014
0 25149014
0 25147014
0 25143014
0 25141014
0 25140014
0 25139014
0 25137014
0 25135014
0 25134014
0 25133014
0 25131014
0 25130014
0 25128014
0 25126014
0 25124014
0 25123014
0 25122014
0 25121014
0 25120014
0 25118014
0 25116014
0 25114014
0 25112014
0 25111014
0 25110014
0 25109014
0 25108014
0 25107014
0 25106014
0 25105014
0 25104014
0 25103014
0 25102014
0 25101014
0 25100014
0 25099014
0 25098014
0 25097014
0 25095014
0 25092014
0 25089014
0 25087014
0 25085014
0 25084014
0 25083014
0 25082014
0 25080014
0 25078014
0 25075014
0 25073014
0 25072014
0 25071014
0 25070014
0 25069014
0 25068014
0 25067014
0 25065014
0 25064014
0 25061014
0 25059014
0 25058014
0 25057014
0 25056014
0 25052014
0 25051014
0 25050014
0 25049014
0 25048014
0 25047014
0 25046014
0 25044014
0 25041014
0 25039014
0 25037014
0 25036014
0 25035014
0 25033014
0 25031014
0 25029014
0 25028014
0 25027014
0 25025014
0 25024014
0 25023014
0 25022014
0 25021014
0 25020014
0 25019014
0 25018014
0 25017014
0 25016014
0 25015014
0 25013014
0 25012014
0 25011014
0 25010014
0 25009014
0 25008014
0 25007014
0 25006014
0 25004014
0 25003014
0 25001014
0 25000014
0 24999014
0 24998014
0 24997014
0 24996014
0 24994014
0 24993014
0 24992014
0 24991014
0 24988014
0 24983014
0 24982014
0 24979014
0 24978014
0 24977014
0 24974014
0 24972014
0 24970014
0 24969014
0 24968014
0 24967014
0 24962014
0 24961014
0 24959014
0 24957014
0 24956014
0 24955014
0 24953014
0 24952014
0 24951014
0 24949014
0 24948014
0 24947014
0 24946014
0 24943014
0 24941014
0 24938014
0 24937014
0 24936014
0 24935014
0 24934014
0 24933014
0 24930014
0 24928014
0 24927014
0 24926014
0 24923014
0 24922014
0 24921014
0 24920014
0 24919014
0 24917014
0 24914014
0 24912014
0 24908014
0 24906014
0 24905014
0 24903014
0 24902014
0 24901014
0 24900014
0 24899014
0 24898014
0 24897014
0 24895014
0 24894014
0 24893014
0 24892014
0 24887014
0 24886014
0 24885014
0 24884014
0 24883014
0 24882014
0 24881014
0 24880014
0 24879014
0 24878014
0 24877014
0 24873014
0 24872014
0 24867014
0 24866014
0 24865014
0 24864014
0 24863014
0 24862014
0 24860014
0 24859014
0 24858014
0 24857014
0 24856014
0 24854014
0 24852014
1 24848014
0 24846014
0 24845014
0 24844014
0 24842014
0 24840014
0 24838014
0 24837014
0 24835014
0 24834014
0 24826014
0 24823014
0 24822014
0 24821014
0 24820014
0 24817014
0 24816014
0 24815014
0 24814014
0 24813014
0 24812014
0 24811014
0 24810014
0 24809014
0 24808014
0 24807014
0 24806014
0 24804014
0 24803014
0 24802014
0 24801014
0 24800014
0 24799014
0 24797014
0 24796014
0 24795014
0 24793014
0 24791014
0 24790014
0 24789014
0 24788014
0 24787014
0 24786014
0 24785014
0 24784014
0 24783014
0 24782014
0 24781014
0 24779014
0 24777014
0 24776014
0 24774014
0 24773014
0 24771014
0 24769014
0 24768014
0 24767014
0 24765014
0 24762014
0 24761014
0 24759014
0 24758014
0 24757014
0 24756014
0 24755014
0 24754014
0 24753014
0 24752014
0 24751014
0 24750014
0 24749014
0 24748014
0 24747014
0 24746014
0 24745014
0 24744014
0 24741014
0 24739014
0 24737014
0 24736014
0 24735014
0 24734014
0 24733014
0 24732014
0 24731014
0 24730014
0 24729014
0 24728014
0 24726014
0 24725014
0 24724014
0 24723014
0 24722014
0 24719014
0 24718014
0 24716014
0 24715014
0 24714014
0 24713014
0 24712014
0 24711014
0 24710014
0 24708014
0 24706014
0 24704014
0 24701014
0 24700014
0 24698014
0 24697014
0 24695014
0 24690014
0 24687014
0 24685014
0 24683014
0 24679014
0 24678014
0 24677014
0 24676014
0 24675014
0 24674014
0 24673014
0 24671014
0 24670014
0 24668014
0 24667014
0 24666014
0 24661014
0 24660014
0 24659014
0 24658014
0 24657014
0 24656014
0 24655014
0 24654014
0 24652014
0 24651014
0 24648014
0 24647014
0 24646014
0 24643014
0 24642014
0 24641014
0 24640014
0 24639014
0 24638014
0 24637014
0 24636014
0 24635014
0 24634014
0 24633014
1 24631014
0 24630014
0 24629014
0 24628014
0 24627014
0 24626014
0 24625014
0 24624014
0 24623014
0 24622014
0 24619014
0 24618014
0 24614014
0 24613014
0 24608014
0 24607014
0 24606014
0 24605014
0 24604014
0 24602014
0 24600014
0 24597014
0 24596014
0 24595014
0 24592014
0 24591014
0 24590014
0 24588014
0 24580014
0 24579014
0 24577014
0 24575014
0 24574014
0 24573014
0 24572014
0 24571014
0 24568014
0 24567014
0 24564014
0 24562014
0 24561014
0 24560014
0 24558014
0 24557014
0 24554014
0 24553014
0 24551014
0 24550014
0 24548014
0 24547014
0 24546014
0 24545014
0 24543014
0 24541014
0 24538014
0 24536014
0 24535014
0 24533014
0 24532014
0 24531014
0 24530014
0 24528014
0 24527014
0 24526014
0 24522014
0 24521014
0 24520014
0 24519014
0 24518014
0 24517014
0 24516014
0 24515014
0 24514014
0 24513014
0 24512014
0 24509014
0 24508014
0 24507014
0 24506014
0 24504014
0 24503014
0 24502014
0 24500014
0 24499014
0 24498014
0 24497014
0 24496014
0 24495014
0 24494014
0 24493014
0 24492014
0 24491014
0 24489014
0 24488014
0 24487014
0 24486014
0 24484014
1 24480014
1 24479014
1 24478014
0 24477014
0 24476014
0 24474014
0 24473014
0 24471014
0 24470014
0 24467014
0 24465014
0 24464014
0 24461014
0 24460014
0 24459014
0 24458014
0 24457014
0 24456014
0 24455014
0 24452014
0 24449014
0 24447014
0 24445014
0 24444014
0 24443014
0 24442014
0 24440014
0 24436014
0 24434014
0 24431014
0 24430014
0 24429014
0 24426014
0 24425014
0 24422014
0 24419014
0 24418014
0 24417014
0 24416014
0 24415014
0 24414014
0 24412014
0 24411014
0 24410014
0 24409014
0 24408014
1 24406014
0 24405014
0 24403014
0 24402014
0 24401014
0 24398014
0 24397014
0 24392014
0 24390014
0 24388014
0 24384014
0 24383014
0 24379014
0 24376014
0 24373014
0 24372014
0 24371014
0 24370014
0 24369014
0 24368014
0 24367014
0 24366014
0 24365014
0 24364014
0 24362014
0 24359014
0 24358014
0 24357014
0 24355014
0 24351014
0 24350014
0 24349014
0 24348014
0 24347014
0 24344014
0 24343014
0 24342014
0 24340014
0 24338014
0 24337014
0 24336014
0 24335014
0 24334014
0 24332014
0 24331014
0 24330014
0 24329014
0 24327014
0 24325014
0 24324014
0 24323014
0 24322014
0 24320014
0 24318014
0 24316014
0 24315014
0 24314014
0 24313014
0 24312014
0 24311014
0 24310014
0 24308014
0 24307014
0 24306014
0 24305014
0 24304014
0 24303014
0 24302014
0 24301014
0 24300014
0 24299014
0 24298014
0 24297014
0 24296014
0 24295014
0 24294014
0 24293014
0 24291014
0 24290014
0 24289014
0 24288014
0 24287014
0 24286014
0 24285014
0 24284014
0 24283014
0 24282014
0 24281014
0 24280014
0 24279014
0 24277014
0 24276014
0 24275014
0 24274014
0 24273014
0 24272014
0 24270014
0 24269014
0 24268014
0 24267014
0 24266014
0 24265014
0 24264014
0 24262014
0 24261014
0 24260014
0 24259014
0 24258014
0 24257014
0 24256014
0 24254014
0 24253014
0 24252014
0 24251014
0 24250014
0 24249014
0 24248014
0 24247014
0 24246014
0 24244014
0 24243014
0 24242014
0 24241014
0 24240014
0 24239014
0 24238014
0 24237014
0 24235014
0 24234014
0 24233014
0 24232014
0 24231014
0 24230014
0 24229014
0 24228014
0 24227014
0 24226014
0 24225014
0 24224014
0 24223014
0 24222014
0 24221014
0 24219014
0 24218014
0 24217014
0 24216014
0 24215014
0 24214014
0 24213014
0 24212014
0 24205014
0 24203014
0 24201014
0 24200014
0 24194014
0 24189014
0 24188014
0 24187014
0 24186014
0 24185014
0 24184014
0 24182014
0 24181014
0 24180014
0 24178014
0 24175014
0 24174014
0 24173014
0 24172014
0 24171014
0 24169014
0 24168014
0 24167014
0 24165014
1 24164014
1 24163014
1 24162014
1 24161014
1 24159014
0 24158014
1 24156014
1 24152014
0 24150014
1 24148014
0 24147014
1 24146014
0 24145014
0 24144014
0 24143014
0 24142014
1 24141014
1 24140014
1 24139014
0 24138014
0 24137014
1 24135014
0 24134014
0 24133014
0 24132014
0 24131014
0 24129014
0 24123014
0 24122014
0 24121014
0 24120014
0 24119014
0 24118014
0 24116014
0 24115014
0 24114014
0 24113014
0 24112014
0 24111014
0 24110014
0 24109014
0 24108014
0 24107014
0 24103014
0 24102014
0 24101014
0 24100014
0 24097014
0 24094014
0 24093014
0 24092014
0 24089014
0 24088014
0 24087014
0 24085014
0 24081014
0 24078014
0 24075014
0 24074014
0 24072014
0 24071014
0 24069014
0 24067014
0 24066014
0 24064014
0 24063014
0 24061014
0 24060014
0 24059014
0 24058014
0 24057014
0 24056014
0 24054014
0 24053014
0 24052014
0 24050014
0 24049014
0 24048014
0 24047014
0 24046014
0 24044014
0 24042014
0 24037014
0 24034014
0 24033014
0 24032014
0 24031014
0 24029014
0 24028014
0 24027014
0 24026014
0 24025014
0 24024014
0 24023014
0 24021014
0 24020014
0 24019014
0 24018014
0 24017014
0 24015014
0 24014014
0 24013014
0 24012014
0 24011014
0 24009014
0 24008014
0 24007014
0 24006014
0 24004014
0 24003014
0 24002014
0 24001014
0 24000014
0 23999014
0 23997014
0 23996014
0 23995014
0 23994014
0 23993014
0 23992014
0 23988014
0 23986014
0 23985014
0 23984014
0 23983014
0 23982014
0 23981014
0 23980014
1 23979014
0 23978014
0 23977014
0 23976014
0 23975014
0 23974014
0 23973014
0 23972014
0 23971014
0 23970014
0 23969014
0 23967014
0 23966014
0 23964014
0 23962014
0 23960014
0 23959014
0 23958014
0 23956014
0 23954014
0 23953014
0 23952014
0 23951014
0 23947014
0 23946014
0 23945014
0 23942014
0 23940014
0 23939014
0 23937014
0 23936014
0 23935014
0 23933014
0 23932014
0 23931014
0 23929014
0 23928014
0 23926014
0 23925014
0 23922014
0 23921014
0 23916014
0 23915014
0 23911014
0 23910014
0 23909014
0 23908014
0 23907014
0 23906014
0 23905014
0 23904014
0 23903014
0 23902014
0 23901014
0 23899014
0 23898014
0 23897014
0 23895014
0 23892014
0 23888014
0 23887014
0 23886014
0 23885014
0 23884014
0 23882014
0 23880014
0 23879014
0 23878014
0 23877014
0 23876014
0 23874014
0 23872014
0 23870014
0 23868014
0 23867014
0 23866014
0 23865014
0 23864014
0 23863014
0 23861014
0 23860014
0 23859014
0 23858014
0 23857014
0 23856014
0 23855014
0 23854014
0 23853014
0 23852014
0 23851014
0 23850014
0 23847014
0 23846014
0 23845014
0 23844014
0 23843014
0 23842014
0 23841014
0 23840014
0 23839014
0 23838014
0 23837014
0 23836014
0 23835014
0 23832014
0 23831014
0 23830014
0 23828014
0 23827014
0 23826014
0 23825014
0 23824014
0 23823014
0 23822014
0 23821014
0 23820014
0 23819014
0 23818014
0 23817014
0 23816014
0 23815014
0 23814014
0 23813014
0 23812014
0 23809014
0 23808014
0 23807014
0 23806014
0 23804014
0 23803014
0 23802014
0 23801014
0 23800014
0 23799014
0 23798014
0 23796014
0 23795014
0 23794014
0 23793014
0 23791014
0 23790014
0 23789014
0 23788014
0 23786014
0 23782014
0 23781014
0 23777014
0 23776014
0 23775014
0 23769014
0 23766014
0 23764014
0 23763014
0 23759014
0 23758014
0 23757014
1 23755014
0 23753014
0 23752014
0 23750014
0 23749014
0 23746014
0 23743014
0 23741014
0 23739014
0 23738014
0 23737014
0 23734014
0 23733014
0 23732014
0 23731014
0 23730014
0 23729014
0 23728014
0 23727014
0 23726014
0 23725014
0 23724014
0 23723014
0 23722014
0 23721014
0 23720014
0 23719014
0 23718014
0 23717014
0 23716014
0 23715014
0 23714014
0 23713014
0 23712014
0 23709014
0 23708014
0 23704014
0 23703014
0 23702014
0 23701014
0 23699014
0 23698014
0 23695014
0 23693014
0 23692014
0 23690014
0 23689014
0 23688014
0 23687014
0 23686014
0 23685014
0 23683014
0 23682014
0 23681014
0 23680014
0 23679014
0 23677014
0 23675014
0 23674014
0 23673014
0 23668014
0 23667014
0 23666014
0 23665014
0 23663014
0 23662014
0 23660014
0 23659014
0 23658014
0 23657014
0 23656014
0 23654014
0 23652014
0 23648014
0 23647014
0 23646014
0 23644014
0 23643014
0 23642014
0 23641014
0 23640014
0 23639014
0 23635014
0 23632014
0 23631014
0 23629014
0 23628014
0 23627014
0 23626014
0 23624014
0 23621014
0 23620014
0 23619014
0 23618014
0 23615014
0 23612014
0 23611014
0 23610014
0 23609014
0 23608014
0 23607014
0 23605014
0 23604014
0 23603014
0 23600014
0 23598014
0 23597014
0 23596014
0 23593014
0 23591014
0 23590014
0 23589014
0 23588014
0 23587014
0 23586014
0 23585014
0 23583014
0 23582014
0 23581014
0 23580014
0 23579014
0 23578014
0 23576014
0 23575014
0 23574014
0 23572014
0 23571014
1 23570014
0 23569014
0 23567014
0 23565014
0 23564014
0 23563014
0 23562014
0 23561014
0 23560014
0 23559014
0 23558014
0 23555014
0 23554014
0 23552014
0 23546014
0 23545014
0 23544014
0 23543014
0 23542014
0 23541014
0 23539014
0 23538014
0 23537014
0 23536014
0 23535014
0 23534014
0 23533014
0 23532014
0 23531014
0 23530014
0 23529014
0 23528014
0 23527014
0 23526014
0 23525014
0 23524014
0 23522014
0 23521014
0 23520014
0 23517014
0 23516014
0 23515014
0 23514014
0 23511014
0 23510014
0 23509014
0 23507014
0 23506014
0 23504014
0 23503014
0 23502014
0 23501014
0 23499014
0 23498014
0 23495014
0 23494014
0 23492014
0 23490014
0 23488014
0 23487014
0 23486014
0 23482014
0 23479014
0 23478014
0 23476014
0 23475014
0 23474014
0 23473014
0 23471014
0 23470014
0 23469014
0 23466014
0 23464014
0 23462014
0 23461014
0 23460014
0 23459014
0 23458014
0 23455014
0 23454014
0 23453014
0 23452014
0 23451014
0 23450014
0 23449014
0 23448014
0 23447014
0 23446014
0 23445014
0 23444014
0 23440014
0 23438014
0 23436014
0 23431014
0 23429014
0 23428014
0 23427014
0 23425014
0 23415014
0 23414014
0 23413014
0 23412014
0 23411014
0 23410014
0 23409014
0 23408014
0 23407014
0 23406014
0 23405014
0 23404014
0 23403014
0 23402014
0 23401014
0 23399014
0 23398014
0 23397014
0 23396014
0 23395014
0 23394014
0 23393014
0 23392014
0 23391014
0 23390014
0 23389014
0 23388014
0 23387014
0 23386014
0 23385014
0 23384014
0 23383014
0 23382014
0 23381014
0 23380014
0 23379014
0 23378014
0 23377014
0 23376014
0 23375014
1 23374014
0 23373014
0 23372014
0 23370014
0 23369014
0 23368014
0 23365014
0 23362014
1 23361014
0 23355014
0 23353014
0 23352014
0 23351014
0 23350014
0 23349014
0 23348014
0 23345014
0 23344014
1 23339014
0 23338014
0 23337014
0 23336014
0 23335014
0 23334014
0 23332014
0 23331014
0 23330014
0 23328014
0 23327014
0 23326014
0 23325014
0 23324014
0 23323014
0 23321014
0 23320014
0 23319014
0 23318014
0 23317014
0 23315014
0 23314014
0 23313014
0 23312014
0 23311014
0 23310014
0 23309014
0 23308014
0 23307014
0 23306014
0 23305014
0 23304014
0 23303014
0 23302014
0 23300014
0 23299014
0 23298014
0 23297014
0 23296014
0 23293014
0 23292014
0 23291014
0 23290014
0 23289014
0 23288014
0 23285014
0 23278014
0 23277014
0 23276014
0 23275014
0 23274014
0 23273014
0 23270014
0 23269014
0 23266014
0 23265014
0 23264014
0 23263014
0 23262014
0 23261014
0 23260014
0 23259014
0 23258014
0 23257014
0 23256014
0 23255014
0 23254014
0 23253014
0 23251014
0 23250014
0 23248014
0 23247014
0 23246014
0 23244014
0 23242014
0 23241014
0 23240014
0 23239014
0 23238014
0 23236014
0 23233014
0 23232014
0 23230014
0 23229014
0 23228014
0 23227014
0 23226014
0 23223014
0 23215014
0 23214014
0 23213014
0 23211014
0 23210014
0 23209014
0 23208014
0 23207014
0 23206014
0 23205014
0 23204014
0 23203014
0 23201014
0 23198014
0 23195014
0 23194014
0 23193014
0 23191014
0 23190014
0 23189014
0 23188014
0 23187014
1 23186014
0 23185014
0 23184014
0 23183014
0 23182014
0 23181014
0 23180014
0 23179014
0 23178014
0 23177014
0 23176014
0 23175014
0 23174014
0 23173014
0 23172014
0 23168014
0 23167014
0 23166014
0 23165014
0 23162014
0 23158014
0 23156014
0 23155014
0 23154014
0 23153014
0 23152014
0 23151014
0 23150014
0 23149014
0 23147014
0 23144014
0 23143014
0 23142014
0 23140014
0 23139014
0 23138014
0 23137014
0 23136014
0 23135014
0 23132014
0 23130014
0 23128014
0 23127014
0 23125014
0 23124014
0 23123014
0 23121014
0 23120014
0 23119014
0 23116014
0 23114014
0 23113014
0 23112014
0 23109014
0 23108014
0 23107014
0 23105014
0 23104014
0 23103014
0 23097014
0 23096014
0 23095014
0 23092014
0 23090014
0 23089014
0 23088014
0 23087014
0 23086014
0 23085014
0 23083014
0 23082014
0 23081014
0 23080014
0 23078014
0 23077014
0 23076014
0 23075014
0 23074014
0 23073014
0 23072014
0 23071014
0 23067014
0 23066014
0 23065014
0 23064014
0 23063014
0 23062014
0 23061014
0 23060014
0 23059014
0 23058014
0 23057014
0 23056014
0 23055014
0 23054014
0 23053014
0 23052014
0 23051014
0 23050014
0 23049014
0 23048014
0 23047014
0 23046014
0 23045014
0 23044014
0 23043014
0 23042014
0 23041014
0 23040014
0 23039014
0 23038014
0 23037014
0 23036014
0 23035014
0 23034014
0 23033014
0 23031014
0 23030014
0 23029014
0 23028014
0 23027014
0 23026014
0 23025014
0 23024014
0 23023014
0 23022014
0 23021014
0 23020014
0 23019014
0 23017014
0 23015014
0 23014014
0 23012014
0 23011014
0 23010014
0 23008014
0 23007014
0 23005014
0 23000014
0 22996014
0 22995014
0 22994014
0 22990014
0 22987014
0 22986014
0 22985014
0 22984014
0 22983014
0 22982014
0 22981014
0 22980014
0 22979014
0 22976014
0 22975014
0 22974014
0 22973014
0 22971014
0 22969014
0 22962014
0 22960014
0 22959014
0 22958014
0 22957014
0 22956014
0 22955014
0 22951014
0 22950014
0 22949014
0 22947014
0 22946014
0 22945014
0 22944014
1 22943014
0 22942014
0 22941014
0 22940014
0 22939014
0 22937014
0 22930014
0 22929014
0 22928014
0 22923014
0 22919014
0 22918014
0 22917014
0 22916014
0 22915014
0 22913014
0 22912014
0 22911014
0 22910014
0 22909014
0 22908014
0 22907014
0 22901014
0 22900014
0 22899014
0 22898014
0 22896014
0 22889014
0 22888014
0 22887014
0 22886014
0 22885014
0 22884014
0 22883014
0 22882014
0 22881014
0 22880014
0 22879014
0 22878014
0 22877014
0 22876014
0 22875014
0 22874014
0 22873014
0 22872014
0 22871014
0 22870014
0 22869014
0 22868014
0 22867014
0 22866014
0 22865014
0 22864014
0 22863014
0 22862014
0 22861014
0 22860014
0 22859014
0 22858014
0 22857014
0 22855014
0 22853014
0 22852014
0 22851014
0 22849014
0 22848014
0 22843014
0 22842014
0 22841014
0 22840014
0 22838014
0 22836014
0 22834014
0 22832014
1 22830014
0 22829014
0 22828014
0 22827014
0 22823014
0 22822014
0 22821014
0 22820014
0 22819014
0 22818014
0 22817014
0 22816014
0 22815014
0 22814014
0 22813014
0 22811014
0 22810014
0 22809014
0 22808014
0 22807014
0 22806014
0 22804014
0 22803014
0 22801014
0 22800014
0 22799014
0 22798014
0 22797014
0 22796014
0 22793014
0 22791014
0 22790014
0 22787014
0 22786014
0 22784014
0 22783014
0 22780014
0 22779014
0 22776014
0 22773014
0 22772014
0 22771014
0 22770014
0 22768014
0 22767014
0 22766014
0 22764014
0 22763014
0 22761014
0 22760014
0 22759014
0 22757014
0 22752014
0 22751014
0 22750014
0 22749014
0 22748014
0 22747014
0 22746014
0 22745014
0 22744014
0 22743014
0 22742014
0 22741014
0 22740014
0 22739014
0 22738014
0 22737014
0 22736014
0 22735014
0 22734014
0 22733014
0 22732014
0 22731014
0 22730014
0 22729014
0 22728014
0 22727014
0 22726014
0 22725014
0 22724014
0 22723014
0 22721014
0 22720014
0 22716014
0 22705014
0 22704014
0 22702014
0 22701014
0 22699014
0 22698014
0 22697014
0 22696014
0 22693014
0 22690014
0 22689014
0 22688014
0 22687014
0 22685014
0 22684014
0 22683014
0 22682014
0 22681014
0 22680014
0 22678014
0 22677014
0 22676014
0 22675014
0 22673014
0 22672014
0 22671014
0 22670014
0 22669014
0 22667014
0 22665014
0 22664014
0 22662014
0 22661014
0 22660014
0 22658014
0 22657014
0 22656014
0 22655014
0 22654014
1 22653014
0 22651014
0 22650014
0 22647014
0 22645014
0 22642014
0 22641014
0 22640014
0 22638014
0 22637014
0 22634014
0 22633014
0 22632014
0 22630014
0 22626014
0 22624014
0 22623014
0 22617014
0 22616014
0 22613014
0 22610014
0 22608014
0 22607014
0 22606014
0 22605014
0 22604014
0 22603014
0 22602014
0 22601014
0 22600014
0 22599014
0 22598014
0 22597014
0 22595014
0 22592014
0 22590014
0 22589014
0 22587014
0 22585014
0 22584014
0 22583014
0 22582014
0 22581014
0 22579014
0 22568014
0 22567014
0 22566014
0 22565014
0 22564014
0 22563014
0 22562014
0 22561014
0 22560014
0 22558014
0 22557014
0 22556014
0 22555014
0 22554014
0 22553014
0 22552014
0 22551014
0 22550014
0 22549014
0 22548014
0 22547014
0 22546014
0 22545014
0 22544014
0 22543014
3 22542014
0 22541014
0 22540014
0 22539014
0 22538014
0 22537014
0 22536014
0 22535014
0 22534014
0 22533014
0 22532014
0 22531014
0 22530014
0 22529014
0 22528014
0 22527014
0 22525014
0 22524014
0 22523014
0 22522014
0 22518014
0 22517014
0 22516014
0 22515014
0 22514014
0 22513014
0 22512014
0 22511014
0 22510014
0 22508014
0 22507014
0 22506014
0 22505014
0 22504014
0 22503014
0 22502014
0 22501014
0 22500014
0 22499014
0 22498014
0 22496014
0 22495014
0 22494014
0 22493014
0 22491014
0 22490014
0 22489014
0 22488014
0 22487014
0 22486014
0 22485014
0 22484014
0 22483014
0 22482014
0 22480014
0 22479014
0 22477014
0 22476014
0 22475014
0 22474014
0 22473014
0 22472014
0 22471014
0 22470014
0 22469014
0 22468014
0 22467014
0 22466014
0 22465014
0 22464014
0 22463014
0 22460014
0 22459014
0 22455014
0 22453014
0 22452014
0 22444014
0 22443014
0 22442014
0 22439014
0 22438014
0 22436014
1 22435014
0 22434014
0 22433014
0 22432014
0 22428014
0 22427014
0 22424014
0 22423014
0 22422014
0 22421014
0 22418014
0 22416014
0 22414014
0 22413014
0 22412014
0 22411014
0 22410014
0 22408014
0 22406014
0 22404014
0 22403014
0 22402014
0 22401014
0 22400014
0 22398014
0 22397014
0 22396014
0 22395014
0 22394014
0 22393014
0 22392014
0 22391014
0 22390014
0 22389014
0 22387014
0 22386014
0 22385014
0 22384014
0 22382014
0 22381014
0 22380014
0 22379014
0 22378014
0 22377014
0 22375014
0 22374014
0 22370014
0 22369014
0 22365014
0 22362014
0 22361014
0 22360014
0 22359014
0 22358014
0 22355014
0 22354014
0 22352014
0 22351014
0 22349014
0 22348014
0 22345014
0 22344014
0 22343014
0 22340014
0 22336014
0 22335014
0 22334014
0 22333014
0 22332014
0 22331014
0 22330014
0 22329014
0 22327014
0 22326014
0 22324014
0 22320014
0 22319014
0 22318014
0 22316014
0 22315014
0 22312014
0 22309014
0 22308014
0 22307014
0 22304014
0 22299014
0 22298014
0 22296014
0 22294014
0 22291014
0 22289014
0 22288014
0 22287014
0 22286014
0 22285014
0 22283014
0 22282014
0 22281014
0 22280014
0 22279014
1 22278014
0 22277014
0 22276014
0 22274014
0 22273014
0 22272014
0 22270014
0 22265014
0 22264014
0 22263014
0 22262014
0 22261014
0 22260014
0 22257014
0 22255014
0 22254014
0 22253014
0 22251014
0 22250014
0 22249014
0 22247014
0 22246014