0 3788025
0 3787025
0 3786025
0 3785025
0 3784025
0 3783025
0 3782025
0 3781025
0 3780025
0 3779025
0 3777025
0 3776025
0 3775025
0 3773025
0 3772025
0 3771025
0 3770025
0 3769025
0 3768025
0 3767025
0 3766025
0 3765025
0 3764025
0 3763025
0 3761025
0 3760025
0 3759025
0 3758025
0 3757025
0 3756025
0 3755025
0 3754025
0 3753025
0 3752025
0 3751025
0 3749025
0 3744025
0 3743025
0 3742025
0 3740025
0 3739025
0 3737025
0 3736025
0 3735025
0 3733025
0 3731025
0 3730025
0 3729025
0 3728025
0 3726025
0 3725025
0 3722025
0 3720025
0 3719025
0 3718025
0 3717025
0 3716025
0 3714025
0 3713025
0 3712025
0 3710025
0 3707025
0 3705025
0 3704025
0 3703025
0 3701025
0 3697025
0 3695025
0 3692025
0 3690025
0 3688025
0 3687025
0 3686025
0 3685025
0 3684025
0 3681025
0 3679025
0 3678025
0 3675025
0 3672025
0 3671025
0 3670025
0 3668025
0 3666025
0 3664025
0 3663025
0 3658025
0 3656025
0 3655025
0 3654025
0 3652025
0 3651025
0 3647025
0 3646025
0 3642025
0 3640025
0 3638025
0 3637025
0 3636025
0 3635025
0 3634025
0 3632025
0 3631025
0 3628025
0 3626025
0 3624025
0 3623025
0 3622025
0 3621025
0 3620025
0 3619025
0 3618025
0 3615025
0 3614025
0 3613025
0 3612025
0 3611025
0 3610025
0 3609025
0 3608025
0 3602025
0 3600025
0 3599025
0 3597025
0 3596025
0 3593025
0 3592025
0 3591025
0 3589025
0 3588025
0 3586025
0 3585025
0 3583025
0 3581025
0 3580025
0 3579025
0 3575025
0 3572025
0 3571025
0 3570025
0 3567025
0 3564025
0 3562025
0 3561025
0 3560025
0 3559025
0 3558025
0 3557025
0 3555025
0 3552025
0 3551025
0 3548025
0 3547025
0 3546025
0 3541025
0 3540025
0 3538025
0 3536025
0 3534025
0 3530025
0 3529025
0 3528025
0 3525025
0 3523025
0 3516025
0 3515025
0 3514025
0 3510025
0 3508025
0 3507025
0 3506025
0 3505025
0 3504025
0 3503025
0 3502025
0 3501025
0 3500025
0 3499025
0 3498025
0 3496025
0 3495025
0 3494025
0 3493025
0 3492025
0 3491025
0 3490025
0 3489025
0 3488025
0 3487025
0 3482025
0 3480025
0 3478025
0 3476025
0 3475025
0 3474025
0 3472025
0 3470025
0 3468025
0 3467025
0 3464025
0 3463025
0 3462025
0 3461025
0 3460025
0 3459025
0 3458025
0 3457025
0 3456025
0 3453025
0 3451025
0 3450025
0 3449025
0 3448025
0 3447025
0 3446025
0 3443025
0 3442025
0 3441025
0 3440025
0 3439025
0 3438025
0 3436025
0 3434025
0 3433025
0 3432025
0 3431025
0 3430025
0 3429025
0 3428025
0 3427025
0 3426025
0 3425025
0 3424025
0 3422025
0 3421025
0 3420025
0 3418025
0 3417025
0 3416025
0 3414025
0 3412025
0 3410025
0 3408025
0 3403025
0 3402025
0 3401025
0 3400025
0 3398025
0 3395025
0 3394025
0 3393025
0 3392025
0 3391025
0 3390025
0 3387025
0 3386025
0 3385025
0 3384025
0 3383025
0 3382025
0 3381025
0 3380025
0 3379025
0 3377025
0 3376025
0 3375025
0 3374025
0 3373025
0 3372025
0 3371025
0 3370025
0 3369025
0 3368025
0 3366025
0 3365025
0 3362025
0 3359025
0 3358025
0 3356025
0 3353025
0 3352025
0 3349025
0 3347025
0 3346025
0 3345025
0 3344025
0 3343025
0 3342025
0 3340025
0 3338025
0 3337025
0 3334025
0 3333025
0 3332025
0 3330025
0 3329025
0 3328025
0 3327025
0 3326025
0 3325025
0 3324025
0 3323025
0 3322025
0 3321025
0 3320025
0 3319025
0 3318025
0 3315025
0 3311025
0 3309025
0 3307025
0 3306025
0 3305025
0 3303025
0 3302025
0 3301025
0 3298025
0 3297025
0 3296025
0 3295025
0 3293025
0 3292025
0 3287025
0 3286025
0 3285025
0 3284025
0 3281025
0 3280025
0 3276025
0 3274025
0 3273025
0 3272025
0 3271025
0 3268025
0 3266025
0 3265025
0 3263025
0 3259025
0 3258025
0 3254025
0 3253025
0 3251025
0 3250025
0 3249025
0 3248025
0 3247025
0 3246025
0 3244025
0 3243025
0 3241025
0 3239025
0 3238025
0 3237025
0 3234025
0 3230025
0 3229025
0 3228025
0 3227025
0 3225025
0 3224025
0 3222025
0 3221025
0 3220025
0 3219025
0 3218025
0 3217025
0 3216025
0 3213025
0 3212025
0 3211025
0 3210025
0 3208025
0 3207025
0 3206025
0 3205025
0 3204025
0 3203025
0 3202025
0 3201025
0 3197025
0 3194025
0 3193025
0 3192025
0 3191025
0 3190025
0 3189025
0 3188025
0 3187025
0 3186025
0 3185025
0 3184025
0 3183025
0 3181025
0 3180025
0 3179025
0 3178025
0 3176025
0 3175025
0 3174025
0 3173025
0 3172025
0 3171025
0 3168025
0 3165025
0 3164025
0 3158025
0 3157025
0 3156025
0 3153025
0 3150025
0 3147025
0 3145025
0 3144025
0 3143025
0 3142025
0 3140025
0 3139025
0 3136025
0 3135025
0 3134025
0 3131025
0 3129025
0 3128025
0 3127025
0 3126025
0 3125025
0 3123025
0 3121025
0 3119025
0 3116025
0 3112025
0 3111025
0 3110025
0 3109025
0 3108025
0 3107025
0 3106025
0 3105025
0 3104025
0 3095025
0 3094025
0 3093025
0 3092025
0 3089025
0 3088025
0 3087025
0 3086025
0 3085025
0 3084025
0 3083025
0 3082025
0 3081025
0 3078025
0 3075025
0 3074025
0 3072025
0 3071025
0 3070025
0 3069025
0 3068025
0 3067025
0 3066025
0 3064025
0 3063025
0 3062025
0 3061025
0 3060025
0 3059025
0 3055025
0 3053025
0 3052025
0 3051025
0 3049025
0 3048025
0 3046025
0 3044025
0 3043025
0 3042025
0 3041025
0 3040025
0 3037025
0 3036025
0 3032025
0 3031025
0 3030025
0 3029025
0 3028025
0 3027025
0 3026025
0 3025025
0 3024025
0 3022025
0 3021025
0 3020025
0 3019025
0 3018025
0 3017025
0 3016025
0 3015025
0 3014025
0 3013025
0 3011025
0 3009025
0 3008025
0 3007025
0 3006025
0 3005025
0 3004025
0 3003025
0 3002025
0 3001025
0 3000025
0 2998025
0 2996025
0 2995025
0 2991025
0 2990025
0 2989025
0 2988025
0 2985025
0 2984025
0 2982025
0 2981025
0 2980025
0 2978025
0 2977025
0 2976025
0 2975025
0 2973025
0 2971025
0 2970025
0 2969025
0 2968025
0 2967025
0 2966025
0 2965025
0 2964025
0 2962025
0 2961025
0 2960025
0 2959025
0 2957025
0 2956025
0 2955025
0 2953025
0 2951025
0 2950025
0 2949025
0 2946025
0 2945025
0 2944025
0 2943025
0 2940025
0 2939025
0 2938025
0 2936025
0 2935025
0 2934025
0 2932025
0 2927025
0 2926025
0 2925025
0 2924025
0 2923025
0 2920025
0 2919025
0 2918025
0 2915025
0 2914025
0 2913025
0 2912025
0 2911025
0 2910025
0 2909025
0 2908025
0 2907025
0 2906025
0 2905025
0 2904025
0 2903025
0 2901025
0 2900025
0 2898025
0 2897025
0 2896025
0 2895025
0 2894025
0 2893025
0 2892025
0 2886025
0 2885025
0 2884025
0 2883025
0 2882025
0 2881025
0 2880025
0 2879025
0 2878025
0 2877025
0 2876025
0 2875025
0 2874025
0 2873025
0 2871025
0 2870025
0 2869025
0 2866025
0 2865025
0 2864025
0 2863025
0 2862025
0 2861025
0 2860025
0 2859025
0 2856025
0 2847025
0 2846025
0 2844025
0 2843025
0 2842025
0 2841025
0 2840025
0 2839025
0 2836025
0 2835025
0 2831025
0 2829025
0 2828025
0 2827025
0 2826025
0 2824025
0 2823025
0 2822025
0 2821025
0 2820025
0 2818025
0 2817025
0 2815025
0 2814025
0 2811025
0 2807025
0 2806025
0 2805025
0 2803025
0 2802025
0 2801025
0 2800025
0 2799025
0 2798025
0 2797025
0 2796025
0 2795025
0 2794025
0 2793025
0 2792025
0 2791025
0 2790025
0 2789025
0 2788025
0 2787025
0 2785025
0 2783025
0 2782025
0 2779025
0 2778025
0 2777025
0 2776025
0 2775025
0 2774025
0 2773025
0 2771025
0 2770025
0 2769025
0 2768025
0 2767025
0 2766025
0 2765025
0 2763025
0 2762025
0 2760025
0 2759025
0 2758025
0 2756025
0 2755025
0 2754025
0 2753025
0 2750025
0 2749025
0 2748025
0 2747025
0 2746025
0 2744025
0 2743025
0 2742025
0 2741025
0 2740025
0 2738025
0 2736025
0 2733025
0 2732025
0 2730025
0 2729025
0 2728025
0 2727025
0 2726025
0 2725025
0 2724025
0 2723025
0 2720025
0 2719025
0 2716025
0 2714025
0 2712025
0 2711025
0 2710025
0 2708025
0 2707025
0 2706025
0 2705025
0 2704025
0 2701025
0 2700025
0 2699025
0 2698025
0 2697025
0 2695025
0 2694025
0 2691025
0 2690025
0 2689025
0 2688025
0 2687025
0 2686025
0 2685025
0 2682025
0 2679025
0 2676025
0 2675025
0 2673025
0 2672025
0 2671025
0 2670025
0 2668025
0 2666025
0 2665025
0 2664025
0 2663025
0 2662025
0 2661025
0 2658025
0 2653025
0 2651025
0 2646025
0 2645025
0 2644025
0 2643025
0 2642025
0 2641025
0 2638025
0 2637025
0 2636025
0 2635025
0 2632025
0 2631025
0 2628025
0 2626025
0 2625025
0 2624025
0 2623025
0 2622025
0 2621025
0 2619025
0 2617025
0 2616025
0 2615025
0 2613025
0 2612025
0 2610025
0 2609025
0 2605025
0 2603025
0 2602025
0 2601025
0 2600025
0 2599025
0 2598025
0 2594025
0 2593025
0 2592025
0 2591025
0 2590025
0 2589025
0 2588025
0 2586025
0 2584025
0 2583025
0 2582025
0 2581025
0 2577025
0 2576025
0 2575025
0 2574025
0 2573025
0 2570025
0 2569025
0 2566025
0 2564025
0 2563025
0 2559025
0 2558025
0 2557025
0 2556025
0 2555025
0 2553025
0 2551025
0 2550025
0 2549025
0 2548025
0 2543025
0 2542025
0 2541025
0 2539025
0 2538025
0 2537025
0 2536025
0 2535025
0 2533025
0 2530025
0 2526025
0 2525025
0 2524025
0 2523025
0 2521025
0 2519025
0 2517025
0 2515025
0 2514025
0 2512025
0 2511025
0 2508025
0 2505025
0 2498025
0 2497025
0 2495025
0 2492025
0 2491025
0 2488025
0 2486025
0 2484025
0 2483025
0 2482025
0 2475025
0 2473025
0 2472025
0 2470025
0 2468025
0 2467025
0 2466025
0 2464025
0 2462025
0 2459025
0 2458025
0 2457025
0 2456025
0 2455025
0 2454025
0 2450025
0 2449025
0 2445025
0 2444025
0 2443025
0 2442025
0 2441025
0 2439025
0 2436025
0 2435025
0 2434025
0 2433025
0 2428025
0 2425025
0 2424025
0 2423025
0 2422025
0 2419025
0 2418025
0 2417025
0 2416025
0 2414025
0 2413025
0 2412025
0 2411025
0 2410025
0 2409025
0 2407025
0 2405025
0 2404025
0 2399025
0 2398025
0 2397025
0 2396025
0 2395025
0 2394025
0 2392025
0 2389025
0 2388025
0 2386025
0 2385025
0 2383025
0 2382025
0 2380025
0 2379025
0 2378025
0 2376025
0 2375025
0 2373025
0 2372025
0 2371025
0 2367025
0 2360025
0 2359025
0 2358025
0 2357025
0 2354025
0 2352025
0 2351025
0 2350025
0 2349025
0 2348025
0 2347025
0 2345025
0 2344025
0 2342025
0 2341025
0 2339025
0 2338025
0 2336025
0 2335025
0 2333025
0 2330025
0 2329025
0 2328025
0 2327025
0 2326025
0 2324025
0 2323025
0 2322025
0 2321025
0 2320025
0 2319025
0 2318025
0 2315025
0 2313025
0 2310025
0 2308025
0 2307025
0 2305025
0 2171025
0 2170025
0 278025