2 9036170
2 9035170
2 9032170
2 9031170
2 9028170
2 9027170
2 9026170
2 9024170
2 9023170
2 9022170
2 9021170
2 9020170
2 9019170
2 9018170
2 9017170
2 9014170
2 9012170
2 9011170
2 9010170
2 9009170
2 9008170
2 9007170
2 9006170
2 9002170
5 9001170
5 9000170
2 8998170
5 8997170
5 8996170
2 8994170
2 8993170
2 8991170
2 8989170
2 8984170
2 8983170
2 8979170
5 8978170
5 8976170
5 8974170
5 8973170
3 8972170
1 8971170
5 8970170
5 8969170
5 8968170
5 8967170
4 8964170
5 8963170
3 8962170
3 8961170
4 8960170
5 8959170
0 8958170
5 8954170
4 8951170
4 8949170
1 8948170
4 8946170
0 8944170
0 8943170
0 8942170
0 8940170
5 8938170
4 8935170
4 8934170
4 8933170
4 8930170
4 8928170
4 8926170
5 8925170
4 8921170
4 8920170
0 8916170
5 8912170
0 8909170
0 8907170
0 8906170
0 8905170
5 8904170
0 8902170
0 8899170
0 8894170
0 8893170
4 8892170
4 8891170
5 8890170
0 8888170
4 8887170
0 8885170
4 8882170
4 8878170
4 8875170
4 8874170
0 8873170
0 8872170
5 8870170
0 8869170
4 8868170
4 8867170
0 8866170
4 8864170
4 8863170
4 8862170
4 8861170
4 8860170
4 8853170
0 8852170
0 8851170
4 8850170
0 8848170
0 8845170
4 8844170
0 8842170
0 8833170
0 8831170
0 8830170
0 8829170
4 8828170
4 8827170
4 8826170
4 8825170
0 8824170
0 8821170
0 8820170
0 8818170
0 8816170
0 8815170
0 8810170
0 8809170
0 8808170
0 8807170
4 8805170
2 8804170
4 8803170
0 8802170
0 8801170
2 8798170
5 8797170
0 8796170
2 8792170
0 8787170
0 8786170
1 8785170
0 8783170
0 8782170
0 8779170
4 8777170
0 8771170
0 8770170
0 8769170
0 8768170
0 8764170
0 8761170
0 8759170
0 8758170
0 8756170
0 8755170
2 8753170
0 8750170
0 8749170
0 8748170
4 8747170
0 8743170
0 8741170
1 8740170
0 8739170
0 8738170
4 8736170
0 8733170
0 8732170
1 8730170
0 8729170
0 8726170
0 8724170
0 8723170
0 8722170
0 8720170
0 8719170
1 8717170
0 8716170
0 8715170
0 8714170
0 8712170
0 8711170
0 8710170
0 8709170
0 8708170
0 8706170
0 8705170
0 8702170
0 8700170
0 8699170
0 8698170
0 8697170
0 8696170
0 8695170
0 8694170
0 8693170
0 8692170
0 8691170
0 8687170
0 8686170
0 8685170
0 8684170
0 8683170
0 8682170
0 8681170
0 8680170
0 8679170
0 8678170
0 8677170
0 8676170
0 8674170
0 8673170
0 8672170
0 8671170
1 8669170
0 8668170
0 8667170
0 8665170
0 8664170
0 8663170
0 8662170
0 8661170
0 8660170
0 8650170
0 8649170
0 8648170
0 8647170
0 8646170
0 8645170
0 8644170
0 8640170
1 8639170
4 8638170
0 8637170
0 8636170
4 8633170
0 8632170
0 8631170
0 8629170
0 8628170
0 8627170
0 8624170
0 8623170
1 8622170
0 8616170
0 8615170
0 8614170
0 8613170
1 8609170
0 8608170
0 8605170
0 8604170
0 8603170
0 8602170
0 8598170
0 8594170
0 8593170
0 8592170
0 8590170
0 8589170
0 8588170
0 8586170
0 8585170
0 8584170
0 8583170
0 8582170
0 8581170
0 8580170
0 8578170
0 8577170
0 8576170
0 8575170
0 8574170
0 8572170
0 8569170
0 8566170
1 8565170
0 8563170
0 8561170
0 8559170
0 8558170
0 8557170
0 8555170
0 8553170
1 8551170
0 8550170
0 8549170
0 8544170
1 8543170
0 8542170
0 8539170
1 8537170
0 8535170
0 8534170
0 8532170
0 8528170
0 8527170
0 8522170
0 8521170
0 8520170
0 8518170
0 8516170
0 8515170
0 8514170
0 8502170
0 8501170
0 8500170
0 8499170
0 8495170
0 8490170
0 8489170
0 8488170
0 8487170
0 8484170
0 8481170
0 8479170
0 8477170
0 8476170
0 8473170
1 8472170
0 8471170
0 8469170
0 8468170
0 8467170
0 8466170
0 8465170
4 8464170
4 8463170
0 8462170
4 8459170
0 8458170
0 8457170
0 8456170
0 8455170
0 8454170
0 8453170
0 8446170
0 8445170
0 8443170
0 8441170
0 8433170
0 8430170
0 8428170
0 8427170
0 8424170
0 8422170
0 8421170
0 8419170
0 8417170
0 8416170
0 8415170
0 8414170
0 8412170
0 8410170
0 8409170
0 8408170
0 8407170
0 8406170
0 8405170
0 8404170
0 8403170
0 8401170
0 8400170
0 8399170
0 8398170
0 8397170
0 8394170
0 8393170
0 8392170
0 8391170
0 8390170
0 8389170
0 8388170
0 8387170
0 8384170
0 8383170
0 8382170
0 8381170
0 8380170
0 8378170
0 8377170
0 8376170
0 8375170
0 8374170
0 8373170
0 8372170
0 8371170
0 8369170
0 8368170
0 8367170
0 8366170
0 8365170
0 8364170
0 8363170
0 8362170
0 8361170
0 8360170
0 8359170
0 8358170
0 8357170
0 8356170
0 8355170
0 8354170
0 8353170
0 8352170
0 8351170
0 8349170
0 8348170
0 8347170
0 8346170
0 8345170
0 8344170
0 8343170
0 8342170
0 8341170
0 8340170
0 8339170
1 8338170
0 8337170
0 8336170
0 8335170
0 8334170
0 8333170
0 8332170
0 8327170
0 8326170
0 8324170
0 8323170
0 8322170
0 8321170
0 8320170
0 8319170
0 8318170
0 8316170
0 8315170
0 8314170
0 8313170
0 8312170
0 8310170
0 8309170
0 8308170
0 8307170
0 8306170
0 8305170
0 8304170
0 8303170
0 8302170
0 8301170
0 8299170
0 8298170
0 8297170
0 8296170
0 8295170
0 8294170
0 8293170
0 8292170
0 8288170
0 8287170
0 8286170
0 8285170
0 8284170
0 8282170
0 8281170
0 8280170
0 8278170
0 8277170
0 8276170
0 8269170
0 8268170
0 8267170
0 8266170
0 8265170
0 8263170
0 8262170
0 8261170
0 8260170
0 8256170
0 8255170
0 8254170
0 8253170
0 8252170
0 8249170
0 8248170
0 8247170
0 8246170
0 8245170
0 8244170
0 8243170
0 8242170
0 8241170
0 8240170
1 8239170
0 8238170
0 8235170
0 8233170
0 8232170
0 8231170
0 8228170
0 8227170
0 8226170
0 8225170
0 8223170
0 8222170
0 8221170
0 8217170
0 8216170
0 8215170
0 8213170
0 8212170
0 8210170
0 8209170
0 8208170
0 8207170
1 8206170
1 8205170
0 8203170
0 8202170
0 8201170
0 8198170
0 8197170
0 8196170
0 8194170
1 8192170
0 8190170
0 8189170
0 8188170
0 8186170
0 8185170
0 8184170
0 8183170
0 8182170
0 8181170
0 8180170
0 8179170
0 8178170
0 8174170
0 8169170
1 8168170
0 8165170
0 8163170
0 8160170
0 8159170
0 8158170
0 8156170
0 8155170
0 8154170
0 8153170
0 8152170
1 8151170
0 8150170
0 8149170
0 8148170
0 8147170
0 8146170
0 8143170
0 8142170
0 8140170
0 8139170
0 8137170
0 8135170
0 8134170
0 8131170
0 8129170
0 8128170
0 8127170
0 8126170
0 8125170
0 8124170
0 8121170
0 8120170
0 8119170
0 8118170
0 8117170
0 8116170
0 8115170
0 8114170
0 8113170
0 8112170
0 8111170
0 8110170
0 8109170
0 8108170
0 8107170
0 8106170
0 8105170
0 8104170
0 8103170
0 8102170
0 8101170
1 8100170
0 8099170
0 8098170
0 8096170
0 8095170
0 8094170
0 8093170
0 8092170
0 8091170
0 8090170
0 8089170
0 8087170
0 8085170
0 8084170
0 8082170
0 8081170
0 8080170
0 8078170
0 8077170
0 8076170
0 8073170
0 8072170
0 8071170
0 8070170
0 8069170
0 8067170
0 8066170
0 8065170
0 8063170
0 8061170
0 8059170
0 8058170
0 8057170
0 8056170
0 8055170
0 8054170
0 8053170
0 8051170
0 8050170
0 8049170
0 8048170
0 8047170
0 8046170
0 8044170
0 8041170
0 8040170
0 8039170
0 8037170
0 8036170
0 8035170
0 8034170
0 8033170
0 8032170
0 8031170
0 8030170
0 8029170
0 8028170
0 8027170
0 8025170
0 8024170
0 8023170
0 8021170
0 8020170
0 8019170
0 8018170
0 8017170
0 8016170
0 8015170
0 8014170
0 8013170
0 8012170
0 8010170
0 8008170
1 8007170
0 8006170
0 8005170
0 8004170
0 8003170
0 8002170
0 8001170
0 8000170
0 7999170
0 7998170
0 7997170
0 7995170
0 7994170
1 7992170
0 7991170
0 7990170
0 7989170
0 7988170
0 7987170
0 7986170
0 7985170
0 7984170
0 7983170
0 7982170
0 7981170
0 7980170
0 7979170
0 7978170
0 7977170
0 7976170
0 7975170
0 7973170
0 7971170
0 7969170
0 7968170
0 7967170
0 7966170
0 7965170
0 7963170
0 7962170
0 7960170
0 7959170
0 7958170
0 7957170
0 7955170
0 7954170
0 7951170
0 7950170
0 7946170
0 7945170
0 7944170
0 7943170
0 7938170
0 7937170
0 7936170
0 7935170
0 7934170
0 7932170
1 7930170
0 7929170
0 7927170
0 7925170
0 7924170
0 7923170
1 7922170
0 7920170
0 7918170
0 7917170
0 7916170
0 7915170
0 7914170
0 7913170
0 7912170
0 7911170
0 7910170
0 7908170
0 7906170
0 7905170
0 7903170
0 7902170
0 7901170
0 7900170
0 7899170
0 7898170
1 7897170
0 7896170
0 7895170
1 7892170
0 7890170
0 7889170
0 7888170
0 7887170
0 7886170
0 7885170
0 7882170
0 7881170
0 7880170
0 7878170
0 7877170
0 7876170
0 7871170
0 7870170
0 7866170
0 7865170
1 7864170
0 7863170
0 7862170
0 7861170
0 7857170
0 7856170
0 7855170
0 7854170
0 7850170
0 7848170
0 7847170
0 7846170
0 7845170
0 7844170
0 7843170
0 7842170
0 7841170
0 7840170
0 7839170
0 7837170
0 7836170
0 7834170
0 7833170
0 7832170
0 7831170
0 7830170
0 7827170
0 7825170
0 7824170
0 7823170
0 7821170
0 7820170
0 7819170
0 7816170
0 7815170
0 7812170
0 7810170
0 7808170
0 7804170
0 7803170
0 7802170
0 7800170
0 7799170
0 7798170
0 7796170
0 7795170
0 7794170
0 7793170
0 7792170
0 7791170
0 7790170
0 7789170
0 7788170
0 7786170
0 7783170
0 7782170
0 7779170
0 7778170
0 7776170
0 7775170
0 7774170
0 7773170
0 7772170
0 7771170
0 7770170
0 7769170
1 7768170
0 7767170
0 7766170
0 7764170
0 7762170
0 7761170
0 7758170
0 7757170
0 7755170
0 7752170
0 7751170
0 7749170
0 7748170
0 7747170
0 7745170
0 7744170
0 7743170
0 7741170
0 7740170
0 7739170
0 7738170
0 7737170
0 7736170
0 7735170
0 7734170
0 7732170
0 7731170
0 7729170
0 7728170
0 7727170
0 7726170
0 7723170
0 7721170
0 7719170
0 7718170
0 7716170
0 7715170
0 7714170
0 7713170
0 7712170
0 7711170
0 7709170
0 7708170
0 7707170
0 7706170
0 7704170
0 7703170
0 7702170
0 7701170
0 7700170
0 7699170
0 7696170
0 7694170
0 7691170
0 7690170
0 7685170
0 7684170
0 7678170
0 7675170
0 7672170
1 7670170
0 7669170
0 7668170
0 7667170
0 7666170
0 7664170
0 7663170
1 7661170
0 7660170
0 7656170
0 7653170
0 7652170
0 7651170
0 7650170
0 7648170
0 7647170
0 7646170
0 7645170
0 7643170
0 7642170
0 7641170
0 7640170
0 7639170
0 7638170
0 7637170
0 7636170
0 7635170
0 7634170
1 7633170
0 7632170
0 7631170
0 7628170
0 7627170
0 7626170
0 7624170
0 7623170
0 7622170
0 7621170
0 7620170
0 7619170
0 7618170
0 7617170
0 7616170
0 7615170
0 7614170
0 7613170
0 7612170
0 7611170
0 7609170
0 7608170
1 7607170
0 7605170
0 7604170
0 7602170
0 7600170
0 7599170
0 7598170
0 7597170
0 7596170
0 7595170
0 7594170
0 7593170
0 7591170
0 7589170
0 7588170
0 7587170
0 7586170
0 7584170
0 7583170
0 7582170
0 7581170
0 7580170
0 7578170
0 7577170
0 7576170
0 7575170
0 7573170
0 7572170
0 7571170
0 7568170
0 7566170
1 7564170
0 7562170
0 7561170
0 7560170
0 7558170
0 7557170
0 7556170
0 7555170
0 7553170
0 7552170
0 7550170
0 7549170
0 7548170
1 7547170
0 7546170
0 7543170
0 7542170
0 7541170
0 7540170
0 7538170
0 7534170
0 7533170
0 7532170
0 7531170
0 7530170
0 7529170
0 7528170
0 7525170
0 7524170
0 7523170
0 7522170
0 7521170
0 7520170
0 7516170
0 7515170
0 7512170
0 7511170
0 7509170
0 7505170
0 7503170
0 7502170
0 7501170
0 7500170
0 7499170
0 7498170
0 7495170
0 7494170
0 7493170
0 7492170
0 7491170
0 7490170
0 7489170
0 7488170
0 7485170
0 7484170
1 7483170
0 7482170
0 7481170
0 7480170
0 7479170
0 7478170
0 7477170
0 7476170
0 7475170
0 7474170
0 7473170
0 7471170
0 7470170
0 7469170
0 7468170
0 7467170
0 7466170
0 7465170
0 7464170
0 7463170
0 7462170
0 7461170
0 7460170
0 7459170
1 7458170
0 7455170
0 7454170
1 7451170
0 7450170
0 7449170
0 7448170
0 7447170
0 7446170
0 7445170
0 7444170
0 7443170
0 7442170
0 7441170
0 7440170
1 7439170
4 7437170
0 7436170
0 7434170
0 7433170
0 7432170
0 7431170
0 7430170
0 7429170
0 7426170
0 7425170
0 7424170
0 7422170
0 7421170
0 7420170
0 7419170
0 7418170
0 7417170
0 7415170
0 7413170
0 7412170
0 7411170
0 7410170
0 7409170
0 7408170
0 7407170
0 7406170
0 7405170
0 7403170
0 7402170
0 7401170
0 7400170
0 7399170
0 7398170
0 7397170
0 7396170
0 7395170
0 7394170
1 7392170
0 7389170
0 7387170
0 7386170
0 7385170
0 7383170
0 7379170
0 7377170
0 7376170
0 7375170
0 7370170
0 7369170
0 7366170
1 7365170
0 7364170
0 7363170
0 7361170
0 7360170
0 7358170
0 7357170
0 7356170
0 7355170
0 7353170
0 7352170
1 7350170
0 7349170
0 7348170
1 7346170
1 7345170
0 7344170
1 7343170
0 7341170
0 7339170
0 7337170
0 7336170
0 7335170
0 7332170
0 7331170
0 7329170
0 7328170
0 7327170
0 7326170
0 7325170
1 7324170
0 7321170
0 7320170
0 7319170
0 7318170
0 7317170
0 7316170
0 7315170
0 7314170
0 7313170
0 7312170
0 7309170
0 7307170
0 7306170
0 7305170
0 7304170
0 7303170
0 7302170
0 7301170
0 7300170
0 7299170
0 7298170
0 7297170
0 7296170
0 7295170
0 7294170
0 7293170
0 7292170
0 7291170
0 7290170
0 7289170
0 7288170
0 7287170
0 7286170
0 7285170
0 7283170
0 7282170
0 7281170
0 7280170
0 7279170
0 7277170
0 7275170
0 7274170
0 7273170
0 7272170
0 7271170
0 7270170
0 7269170
0 7268170
0 7267170
0 7265170
0 7264170
0 7261170
0 7260170
0 7259170
0 7258170
0 7257170
0 7256170
0 7255170
0 7254170
0 7253170
0 7252170
0 7251170
0 7250170
0 7249170
0 7248170
0 7246170
0 7245170
0 7242170
0 7241170
0 7240170
0 7239170
0 7238170
0 7236170
0 7235170
0 7234170
0 7232170
0 7230170
1 7229170
0 7228170
0 7227170
0 7226170
0 7225170
0 7224170
0 7223170
0 7222170
0 7220170
0 7219170
1 7218170
0 7217170
0 7216170
0 7215170
0 7214170
0 7213170
0 7212170
0 7211170
0 7210170
0 7208170
1 7207170
0 7206170
0 7205170
0 7204170
0 7203170
0 7202170
0 7200170
0 7199170
0 7198170
0 7197170
0 7196170
0 7195170
0 7194170
0 7193170
0 7191170
0 7189170
0 7187170
0 7186170
0 7185170
0 7184170
0 7183170
0 7182170
0 7181170
0 7180170
0 7179170
0 7177170
0 7176170
0 7175170
0 7174170
0 7173170
0 7172170
0 7171170
0 7170170
0 7169170
0 7168170
0 7167170
0 7166170
0 7165170
0 7164170
0 7163170
0 7161170
0 7160170
0 7158170
0 7157170
0 7156170
0 7155170
0 7154170
0 7153170
0 7152170
0 7151170
0 7150170
0 7149170
0 7148170
0 7147170
1 7145170
0 7144170
1 7143170
0 7142170
0 7140170
0 7139170
0 7138170
0 7137170
0 7136170
0 7135170
0 7134170
0 7133170
1 7132170
1 7131170
0 7128170
0 7127170
0 7125170
0 7124170
0 7123170
0 7122170
0 7119170
0 7118170
0 7116170
0 7115170
1 7114170
0 7112170
0 7111170
0 7110170
0 7109170
0 7107170
0 7106170
0 7105170
0 7104170
0 7102170
0 7101170
0 7099170
0 7096170
0 7095170
0 7093170
0 7092170
0 7091170
0 7090170
0 7089170
0 7087170
0 7086170
0 7085170
0 7083170
0 7082170
0 7079170
0 7078170
0 7076170
0 7075170
0 7074170
0 7073170
0 7072170
0 7071170
0 7070170
0 7069170
0 7068170
0 7067170
0 7066170
0 7065170
0 7064170
0 7063170
0 7062170
0 7061170
0 7059170
0 7058170
0 7057170
0 7055170
0 7054170
0 7053170
0 7052170
1 7051170
0 7050170
0 7049170
0 7048170
0 7047170
0 7046170
0 7044170
0 7043170
0 7042170
0 7041170
0 7040170
0 7039170
0 7037170
0 7036170
0 7035170
0 7034170
1 7033170
0 7029170
0 7027170
0 7026170
0 7025170
0 7024170
0 7023170
0 7022170
0 7021170
1 7020170
1 7018170
0 7017170
0 7016170
0 7015170
0 7014170
0 7011170
0 7010170
0 7009170
0 7008170
0 7007170
0 7006170
0 7005170
0 7004170
0 7003170
0 7001170
0 7000170
0 6999170
0 6998170
0 6997170
0 6995170
0 6994170
0 6993170
0 6992170
0 6991170
0 6990170
0 6989170
0 6988170
0 6987170
0 6985170
0 6984170
0 6983170
0 6982170
0 6980170
0 6979170
0 6977170
0 6976170
0 6974170
0 6973170
0 6972170
0 6971170
0 6970170
0 6969170
0 6968170
0 6967170
0 6966170
0 6964170
0 6963170
1 6962170
0 6961170
0 6960170
0 6959170
0 6958170
0 6957170
0 6956170
0 6954170
0 6952170
0 6951170
0 6950170
0 6949170
0 6948170
0 6947170
0 6946170
0 6945170
0 6944170
1 6943170
0 6942170
0 6941170
0 6940170
0 6939170
0 6938170
0 6937170
0 6935170
0 6934170
0 6933170
1 6929170
0 6928170
0 6925170
0 6920170
0 6919170
0 6918170
0 6917170
0 6916170
0 6914170
0 6913170
0 6912170
0 6908170
0 6907170
1 6906170
1 6905170
0 6903170
1 6902170
0 6901170
0 6900170
0 6899170
0 6898170
0 6897170
0 6896170
0 6895170
0 6894170
0 6893170
0 6892170
1 6889170
0 6888170
0 6887170
0 6886170
0 6884170
0 6883170
0 6882170
0 6881170
0 6879170
1 6877170
0 6875170
0 6874170
0 6873170
0 6872170
0 6871170
0 6868170
0 6867170
0 6865170
0 6864170
0 6863170
0 6862170
0 6858170
0 6856170
0 6853170
0 6852170
0 6851170
0 6850170
0 6848170
0 6847170
0 6845170
0 6844170
0 6843170
0 6842170
0 6841170
0 6840170
0 6839170
0 6838170
0 6837170
1 6836170
0 6835170
0 6834170
0 6833170
0 6831170
0 6829170
0 6828170
0 6827170
0 6826170
0 6825170
0 6824170
0 6823170
0 6821170
0 6820170
0 6819170
0 6818170
0 6817170
0 6815170
0 6814170
0 6813170
0 6810170
0 6808170
0 6807170
0 6805170
0 6803170
0 6802170
0 6801170
0 6800170
0 6799170
0 6798170
0 6797170
0 6793170
0 6792170
0 6791170
0 6790170
0 6789170
0 6787170
0 6785170
1 6783170
0 6782170
0 6780170
0 6779170
0 6776170
0 6775170
0 6773170
0 6772170
0 6771170
0 6768170
0 6767170
0 6766170
0 6765170
0 6764170
0 6761170
0 6760170
0 6759170
0 6756170
0 6755170
0 6754170
0 6753170
0 6752170
0 6750170
0 6749170
0 6748170
0 6747170
0 6746170
0 6742170
0 6741170
0 6740170
0 6739170
0 6738170
0 6736170
0 6735170
1 6734170
0 6733170
0 6732170
0 6731170
0 6729170
0 6726170
0 6725170
0 6724170
0 6722170
0 6721170
1 6720170
0 6719170
0 6718170
0 6717170
0 6716170
0 6715170
0 6714170
0 6712170
0 6711170
0 6709170
0 6708170
0 6707170
0 6706170
0 6705170
0 6704170
0 6702170
0 6701170
0 6700170
0 6699170
0 6698170
0 6697170
0 6696170
0 6695170
0 6694170
0 6693170
1 6692170
0 6691170
0 6690170
1 6689170
0 6687170
0 6686170
1 6684170
0 6683170
0 6682170
0 6681170
0 6680170
0 6679170
0 6678170
0 6676170
0 6675170
1 6674170
0 6672170
0 6671170
0 6670170
0 6668170
0 6667170
1 6666170
0 6663170
0 6662170
0 6661170
0 6660170
0 6659170
0 6658170
0 6657170
0 6656170
0 6655170
0 6654170
0 6652170
0 6651170
0 6650170
0 6649170
1 6648170
1 6647170
0 6646170
0 6645170
0 6644170
0 6643170
0 6641170
0 6639170
0 6638170
0 6637170
0 6636170
0 6635170
0 6632170
0 6631170
0 6630170
0 6629170
0 6628170
0 6626170
0 6625170
0 6624170
0 6623170
0 6622170
0 6620170
0 6619170
0 6618170
0 6617170
0 6615170
0 6614170
0 6612170
0 6611170
0 6609170
0 6608170
0 6607170
0 6606170
0 6601170
0 6600170
0 6598170
1 6596170
0 6594170
0 6593170
0 6592170
0 6591170
0 6590170
0 6588170
0 6587170
0 6586170
0 6584170
0 6583170
0 6582170
0 6578170
0 6577170
0 6576170
0 6575170
0 6574170
0 6573170
0 6571170
0 6570170
0 6568170
0 6567170
0 6566170
0 6565170
1 6564170
0 6561170
0 6560170
0 6559170
0 6558170
0 6557170
0 6556170
0 6555170
0 6554170
0 6553170
0 6552170
0 6551170
0 6549170
0 6548170
0 6546170
0 6545170
0 6544170
1 6542170
0 6541170
0 6539170
0 6538170
1 6537170
1 6536170
0 6535170
0 6534170
0 6533170
1 6531170
0 6528170
0 6527170
0 6525170
0 6522170
0 6521170
0 6520170
0 6519170
0 6517170
0 6516170
0 6515170
0 6514170
0 6513170
0 6512170
0 6511170
0 6510170
0 6509170
1 6507170
0 6506170
1 6505170
0 6504170
0 6503170
0 6502170
0 6501170
0 6500170
0 6499170
0 6498170
0 6497170
0 6496170
0 6493170
0 6492170
0 6491170
1 6490170
0 6489170
0 6488170
0 6487170
0 6486170
0 6485170
0 6483170
0 6482170
0 6481170
0 6480170
0 6479170
0 6478170
0 6476170
0 6474170
0 6473170
0 6471170
0 6470170
0 6469170
0 6468170
0 6467170
0 6459170
0 6458170
0 6457170
0 6455170
0 6454170
0 6453170
0 6450170
0 6449170
0 6447170
0 6446170
0 6445170
0 6443170
0 6442170
0 6441170
0 6438170
0 6437170
0 6436170
0 6434170
0 6433170
0 6432170
0 6431170
0 6430170
0 6429170
0 6428170
0 6426170
0 6425170
0 6424170
0 6422170
0 6421170
0 6420170
0 6419170
0 6417170
0 6416170
0 6415170
0 6414170
0 6413170
0 6411170
0 6410170
0 6409170
0 6407170
0 6406170
0 6405170
0 6404170
1 6403170
0 6402170
0 6401170
0 6400170
0 6399170
0 6398170
0 6397170
0 6396170
0 6395170
0 6394170
0 6393170
0 6391170
1 6390170
0 6389170
0 6388170
0 6387170
0 6386170
0 6385170
0 6384170
0 6383170
0 6382170
0 6381170
0 6380170
0 6379170
0 6377170
0 6376170
0 6374170
0 6372170
0 6371170
0 6370170
0 6369170
0 6368170
0 6364170
0 6363170
0 6362170
0 6361170
0 6360170
0 6359170
0 6358170
0 6357170
0 6356170
0 6355170
0 6354170
0 6353170
0 6351170
0 6350170
0 6349170
1 6348170
0 6347170
0 6346170
0 6345170
0 6344170
0 6343170
0 6342170
0 6341170
0 6340170
0 6339170
0 6336170
0 6335170
0 6334170
0 6333170
0 6332170
0 6331170
1 6330170
0 6329170
0 6328170
0 6327170
0 6325170
0 6324170
0 6323170
1 6322170
0 6320170
0 6319170
1 6317170
0 6316170
0 6315170
0 6314170
0 6312170
0 6311170
0 6310170
0 6309170
0 6308170
1 6307170
0 6306170
0 6305170
0 6304170
1 6303170
0 6302170
0 6301170
0 6300170
0 6299170
0 6298170
0 6297170
0 6295170
0 6294170
0 6293170
0 6292170
0 6291170
0 6290170
0 6289170
0 6288170
0 6287170
0 6286170
0 6285170
0 6284170
0 6283170
0 6281170
0 6280170
0 6279170
0 6277170
0 6276170
0 6274170
0 6273170
0 6272170
1 6271170
0 6270170
0 6269170
0 6267170
0 6266170
0 6265170
0 6264170
0 6263170
0 6262170
0 6259170
1 6258170
1 6257170
1 6256170
0 6255170
0 6254170
1 6253170
0 6252170
0 6251170
0 6250170
0 6249170
0 6248170
0 6247170
0 6246170
0 6245170
0 6244170
0 6243170
0 6240170
0 6239170
0 6238170
0 6237170
0 6236170
0 6235170
0 6234170
1 6233170
0 6232170
0 6231170
0 6229170
0 6228170
0 6227170
0 6226170
0 6222170
0 6221170
0 6220170
0 6219170
0 6217170
0 6215170
0 6214170
1 6213170
0 6211170
0 6210170
0 6209170
0 6208170
0 6207170
0 6206170
0 6205170
0 6204170
1 6203170
0 6202170
1 6201170
0 6200170
0 6199170
0 6198170
0 6197170
1 6196170
0 6194170
0 6193170
0 6192170
0 6191170
1 6190170
0 6188170
0 6186170
0 6185170
0 6184170
0 6183170
1 6181170
0 6180170
0 6179170
1 6178170
0 6177170
0 6173170
0 6172170
0 6171170
0 6170170
0 6168170
0 6166170
0 6165170
0 6164170
0 6163170
0 6162170
0 6161170
0 6160170
1 6158170
1 6157170
0 6156170
0 6155170
0 6154170
0 6152170
0 6151170
0 6149170
0 6148170
0 6147170
0 6144170
0 6143170
0 6141170
0 6139170
0 6137170
0 6136170
0 6134170
0 6133170
0 6131170
0 6130170
0 6128170
0 6127170
0 6126170
0 6125170
0 6124170
0 6123170
0 6122170
0 6121170
0 6120170
0 6119170
0 6118170
0 6115170
0 6114170
0 6113170
1 6112170
1 6111170
0 6110170
0 6109170
0 6107170
0 6106170
0 6105170
0 6104170
0 6103170
0 6102170
0 6100170
0 6099170
0 6098170
0 6097170
0 6096170
0 6095170
1 6094170
0 6091170
1 6090170
0 6089170
1 6088170
0 6087170
0 6086170
0 6085170
0 6084170
1 6083170
1 6082170
0 6081170
0 6080170
0 6079170
0 6078170
1 6077170
0 6076170
0 6075170
0 6072170
0 6071170
0 6070170
1 6068170
0 6067170
0 6064170
0 6063170
0 6062170
0 6061170
0 6060170
0 6058170
0 6057170
0 6056170
0 6055170
0 6053170
0 6051170
0 6050170
0 6048170
0 6047170
0 6046170
0 6045170
1 6043170
0 6041170
1 6040170
0 6037170
0 6036170
0 6035170
0 6033170
0 6032170
0 6030170
0 6029170
1 6028170
1 6027170
0 6026170
0 6025170
0 6024170
0 6023170
0 6022170
1 6021170
0 6020170
1 6018170
1 6017170
0 6016170
0 6015170
0 6014170
0 6013170
0 6011170
0 6010170
0 6009170
0 6008170
1 6007170
1 6006170
0 6004170
0 6003170
0 6002170
1 6001170
0 5999170
0 5998170
0 5997170
0 5996170
0 5995170
0 5993170
0 5992170
0 5990170
0 5989170
0 5988170
0 5987170
0 5986170
0 5983170
1 5981170
1 5979170
1 5977170
0 5973170
0 5971170
0 5970170
0 5969170
0 5968170
0 5966170
0 5965170
0 5964170
0 5963170
0 5962170
1 5961170
0 5960170
0 5959170
0 5958170
0 5957170
0 5956170
0 5955170
0 5954170
0 5953170
0 5952170
0 5951170
0 5950170
0 5949170
0 5948170
0 5947170
0 5946170
0 5945170
0 5944170
0 5943170
0 5942170
0 5941170
0 5940170
0 5939170
0 5937170
0 5935170
0 5934170
0 5933170
0 5932170
0 5931170
0 5930170
0 5928170
0 5927170
0 5926170
0 5925170
0 5924170
1 5923170
0 5922170
0 5921170
0 5919170
0 5918170
1 5917170
0 5916170
0 5914170
0 5912170
0 5911170
0 5910170
0 5908170
0 5907170
0 5906170
0 5905170
0 5904170
0 5903170
0 5902170
0 5901170
0 5898170
0 5897170
0 5896170
0 5895170
0 5894170
0 5893170
0 5892170
0 5891170
0 5890170
0 5887170
0 5886170
0 5885170
0 5882170
0 5880170
0 5879170
0 5878170
0 5877170
1 5875170
0 5874170
0 5872170
0 5871170
0 5870170
0 5869170
0 5868170
0 5867170
0 5866170
0 5865170
1 5864170
0 5863170
0 5862170
0 5861170
0 5860170
1 5859170
0 5858170
0 5857170
0 5856170
0 5855170
0 5854170
0 5853170
0 5852170
0 5851170
0 5850170
1 5849170
0 5846170
0 5844170
0 5843170
0 5842170
0 5841170
0 5840170
0 5839170
0 5838170
0 5837170
0 5836170
0 5835170
0 5834170
1 5833170
0 5832170
0 5831170
1 5830170
0 5829170
0 5827170
0 5826170
0 5824170
0 5822170
1 5821170
0 5820170
0 5819170
1 5818170
0 5816170
0 5815170
0 5814170
0 5813170
0 5812170
0 5811170
0 5810170
0 5809170
0 5808170
0 5807170
0 5805170
0 5804170
0 5803170
0 5802170
0 5801170
0 5800170
0 5799170
0 5797170
0 5796170
0 5795170
0 5793170
0 5792170
0 5790170
0 5784170
0 5781170
0 5780170
0 5779170
0 5778170
0 5777170
0 5776170
1 5775170
0 5774170
0 5773170
0 5772170
0 5771170
0 5770170
0 5769170
0 5768170
0 5767170
0 5766170
0 5765170
0 5764170
0 5763170
0 5761170
0 5757170
0 5756170
0 5755170
0 5754170
0 5753170
0 5752170
0 5751170
0 5750170
0 5749170
0 5748170
0 5747170
0 5746170
0 5745170
0 5744170
0 5743170
0 5742170
0 5739170
0 5738170
0 5735170
0 5734170
0 5733170
0 5732170
0 5731170
0 5730170
0 5729170
0 5728170
0 5727170
0 5726170
0 5725170
0 5724170
0 5722170
0 5721170
0 5720170
0 5719170
0 5718170
0 5717170
0 5716170
0 5715170
0 5714170
0 5713170
0 5711170
0 5710170
0 5709170
0 5708170
0 5705170
0 5703170
0 5702170
0 5701170
0 5700170
0 5698170
0 5697170
0 5696170
0 5694170
0 5693170
0 5692170
0 5691170
0 5690170
0 5689170
0 5688170
0 5687170
0 5686170
0 5685170
1 5683170
0 5681170
0 5680170
1 5679170
0 5676170
0 5674170
0 5669170
0 5668170
1 5667170
0 5665170
0 5664170
0 5663170
0 5662170
0 5661170
0 5660170
0 5658170
0 5657170
0 5656170
0 5654170
0 5653170
0 5652170
0 5651170
0 5650170
0 5648170
0 5647170
0 5646170
0 5645170
0 5644170
0 5643170
0 5641170
0 5640170
0 5639170
0 5635170
0 5634170
0 5633170
0 5632170
0 5631170
0 5630170
0 5629170
0 5628170
0 5624170
0 5621170
0 5620170
0 5619170
0 5618170
0 5617170
0 5612170
0 5611170
0 5610170
0 5609170
0 5608170
0 5607170
0 5606170
0 5605170
0 5603170
0 5595170
0 5594170
0 5593170
0 5592170
0 5591170
0 5590170
0 5589170
0 5588170
0 5587170
0 5585170
0 5584170
0 5581170
0 5580170
0 5579170
0 5578170
0 5575170
0 5574170
0 5573170
0 5572170
0 5571170
0 5570170
0 5568170
0 5566170
0 5564170
0 5563170
0 5561170
0 5560170
0 5559170
0 5558170
0 5553170
0 5552170
0 5550170
0 5549170
0 5548170
0 5547170
0 5546170
0 5545170
0 5542170
0 5541170
0 5540170
0 5539170
0 5536170
0 5535170
0 5534170
0 5532170
0 5530170
0 5529170
0 5525170
0 5522170
0 5521170
0 5520170
0 5517170
0 5515170
0 5514170
0 5511170
0 5508170
0 5504170
0 5503170
0 5502170
0 5501170
0 5499170
1 5496170
0 5495170
0 5493170
0 5492170
0 5490170
0 5489170
0 5486170
1 5485170
0 5484170
0 5481170
0 5479170
1 5477170
0 5475170
0 5474170
0 5473170
0 5472170
0 5471170
0 5470170
0 5469170
0 5468170
0 5467170
0 5466170
0 5465170
0 5464170
0 5463170
0 5462170
0 5461170
0 5459170
0 5458170
0 5456170
0 5455170
0 5454170
0 5451170
0 5447170
0 5446170
0 5444170
0 5442170
0 5438170
0 5436170
0 5435170
0 5434170
0 5432170
0 5431170
0 5430170
0 5429170
0 5427170
0 5425170
0 5422170
1 5421170
0 5420170
0 5419170
0 5418170
0 5417170
0 5416170
0 5414170
0 5413170
0 5412170
0 5411170
1 5409170
0 5408170
1 5407170
1 5406170
0 5403170
0 5402170
0 5401170
0 5400170
0 5399170
0 5398170
0 5397170
1 5396170
0 5394170
0 5393170
0 5392170
0 5391170
0 5388170
0 5386170
1 5385170
0 5384170
0 5383170
0 5382170
0 5381170
0 5380170
0 5379170
0 5374170
0 5373170
0 5372170
0 5371170
0 5370170
0 5369170
0 5367170
0 5366170
0 5365170
1 5364170
0 5363170
0 5361170
0 5360170
0 5358170
0 5357170
0 5356170
0 5355170
0 5354170
0 5353170
0 5351170
0 5349170
0 5347170
0 5343170
0 5341170
0 5339170
0 5338170
1 5337170
0 5336170
0 5334170
0 5332170
0 5330170
0 5328170
0 5325170
0 5324170
0 5323170
0 5322170
0 5321170
0 5319170
0 5318170
0 5317170
0 5316170
0 5312170
0 5310170
0 5309170
0 5308170
0 5307170
0 5305170
0 5304170
0 5303170
0 5301170
0 5299170
0 5298170
0 5297170
0 5295170
0 5294170
0 5293170
0 5292170
0 5291170
0 5290170
0 5287170
0 5286170
0 5282170
0 5281170
0 5279170
0 5277170
0 5276170
0 5275170
0 5272170
0 5271170
0 5270170
0 5269170
0 5263170
0 5262170
0 5261170
0 5260170
0 5256170
0 5255170
0 5252170
0 5251170
0 5250170
0 5245170
0 5244170
0 5242170
0 5240170
0 5239170
0 5236170
0 5235170
0 5233170
0 5232170
0 5230170
1 5229170
0 5228170
0 5223170
0 5222170
0 5220170
0 5219170
0 5216170
0 5210170
0 5209170
0 5207170
1 5205170
0 5204170
0 5202170
0 5201170
0 5195170
0 5194170
0 5193170
0 5188170
0 5187170
0 5185170
0 5183170
1 5182170
0 5180170
0 5179170
0 5178170
0 5175170
0 5174170
0 5170170
0 5169170
0 5167170
0 5164170
0 5161170
0 5159170
0 5158170
0 5157170
0 5155170
0 5154170
1 5153170
0 5152170
0 5150170
0 5149170
0 5148170
0 5147170
0 5146170
0 5145170
0 5144170
0 5143170
0 5142170
0 5141170
0 5140170
0 5139170
0 5137170
0 5136170
0 5135170
0 5133170
0 5130170
0 5129170
0 5128170
0 5127170
0 5126170
0 5125170
0 5123170
0 5122170
0 5121170
0 5119170
0 5118170
0 5117170
0 5116170
1 5115170
0 5114170
0 5113170
0 5112170
0 5111170
1 5110170
0 5109170
0 5108170
0 5107170
0 5106170
0 5103170
0 5102170
0 5099170
0 5098170
0 5094170
0 5093170
0 5092170
0 5091170
0 5090170
0 5089170
0 5086170
0 5085170
0 5084170
0 5083170
0 5082170
0 5081170
0 5080170
0 5077170
0 5076170
0 5075170
1 5074170
0 5073170
0 5072170
0 5070170
0 5069170
0 5066170
0 5065170
0 5064170
0 5063170
0 5062170
0 5060170
0 5059170
0 5057170
0 5056170
0 5054170
0 5052170
0 5051170
0 5050170
0 5048170
0 5047170
0 5045170
0 5044170
0 5043170
0 5042170
0 5041170
0 5039170
0 5037170
0 5036170
0 5035170
0 5034170
0 5033170
0 5032170
0 5031170
0 5030170
0 5029170
0 5028170
0 5027170
0 5026170
0 5025170
0 5024170
0 5023170
0 5022170
0 5021170
0 5020170
0 5019170
0 5018170
0 5017170
0 5016170
0 5015170
0 5014170
0 5013170
0 5012170
0 5011170
0 5010170
0 5009170
0 5008170
0 5007170
0 5006170
0 5004170
0 5003170
0 5002170
0 5000170
0 4998170
0 4996170
0 4995170
0 4994170
0 4990170
0 4989170
0 4988170
0 4985170
0 4984170
0 4983170
0 4982170
0 4980170
0 4979170
0 4978170
0 4973170
0 4972170
0 4971170
0 4970170
0 4968170
0 4967170
0 4966170
0 4964170
0 4962170
1 4961170
1 4960170
0 4959170
0 4958170
0 4957170
0 4956170
0 4955170
0 4954170
0 4953170
0 4952170
0 4950170
0 4949170
0 4948170
0 4947170
0 4945170
0 4944170
0 4942170
0 4941170
0 4940170
0 4939170
0 4935170
0 4934170
0 4933170
0 4931170
0 4930170
0 4928170
0 4926170
0 4925170
0 4924170
0 4923170
0 4922170
0 4921170
0 4918170
0 4917170
0 4915170
0 4914170
0 4913170
0 4910170
0 4908170
0 4906170
1 4905170
0 4904170
0 4903170
0 4902170
0 4901170
0 4897170
0 4891170
0 4889170
0 4888170
0 4886170
0 4883170
0 4881170
0 4879170
0 4877170
0 4876170
1 4874170
1 4873170
1 4872170
0 4870170
0 4869170
0 4867170
0 4865170
1 4864170
0 4863170
0 4861170
0 4859170
0 4858170
0 4856170
0 4855170
0 4854170
0 4851170
0 4850170
0 4849170
0 4847170
0 4846170
0 4845170
0 4844170
0 4843170
0 4841170
0 4840170
0 4839170
0 4838170
0 4837170
0 4836170
0 4834170
0 4832170
0 4831170
0 4830170
0 4829170
0 4828170
0 4827170
0 4826170
1 4825170
0 4823170
0 4821170
0 4820170
0 4818170
0 4811170
0 4810170
0 4808170
0 4798170
0 4797170
0 4795170
0 4792170
1 4789170
0 4788170
0 4787170
0 4783170
0 4782170
0 4780170
0 4779170
0 4774170
1 4769170
0 4767170
0 4766170
0 4765170
0 4764170
0 4763170
0 4762170
0 4758170
0 4757170
0 4756170
0 4755170
0 4754170
0 4752170
0 4751170
0 4749170
0 4748170
0 4747170
0 4746170
0 4744170
0 4742170
0 4740170
0 4739170
0 4736170
0 4734170
0 4733170
1 4732170
1 4730170
1 4729170
0 4728170
0 4727170
0 4726170
0 4725170
0 4724170
0 4723170
0 4722170
0 4721170
0 4720170
0 4719170
0 4718170
0 4715170
0 4714170
0 4712170
0 4711170
0 4710170
0 4709170
0 4708170
0 4707170
0 4706170
0 4705170
0 4704170
0 4703170
0 4701170
0 4699170
0 4698170
0 4697170
0 4693170
0 4692170
0 4691170
1 4690170
1 4689170
0 4688170
0 4687170
0 4686170
0 4685170
0 4684170
0 4682170
0 4681170
0 4678170
0 4677170
0 4676170
0 4674170
0 4673170
0 4672170
0 4671170
0 4670170
0 4668170
0 4667170
0 4666170
0 4665170
0 4663170
0 4660170
0 4659170
0 4658170
0 4657170
0 4656170
1 4655170
0 4654170
0 4653170
0 4651170
0 4648170
0 4647170
0 4646170
0 4645170
0 4644170
0 4643170
0 4642170
1 4641170
0 4639170
0 4636170
0 4635170
0 4634170
0 4633170
0 4632170
0 4631170
1 4630170
0 4629170
0 4628170
0 4627170
0 4626170
0 4625170
0 4624170
0 4622170
0 4621170
0 4620170
0 4618170
0 4617170
0 4616170
0 4615170
0 4614170
0 4613170
0 4611170
0 4609170
0 4608170
0 4607170
0 4606170
0 4605170
0 4604170
0 4603170
0 4602170
0 4601170
0 4600170
0 4599170
0 4598170
0 4595170
0 4594170
0 4593170
0 4589170
0 4588170
0 4587170
0 4586170
0 4578170
0 4576170
0 4575170
0 4573170
0 4572170
0 4571170
0 4570170
0 4567170
0 4566170
0 4564170
0 4563170
0 4562170
0 4561170
0 4559170
0 4558170
0 4556170
0 4555170
0 4553170
0 4552170
0 4551170
0 4550170
0 4547170
0 4545170
0 4544170
0 4543170
0 4542170
0 4541170
0 4540170
0 4539170
1 4538170
0 4537170
0 4534170
0 4533170
0 4532170
0 4531170
0 4530170
0 4528170
0 4526170
0 4525170
0 4524170
0 4523170
0 4522170
0 4521170
0 4520170
0 4519170
0 4518170
0 4516170
0 4515170
0 4514170
0 4513170
0 4512170
0 4509170
0 4508170
0 4507170
0 4506170
0 4504170
0 4502170
0 4501170
0 4500170
0 4499170
0 4498170
0 4497170
0 4495170
0 4494170
0 4493170
0 4492170
0 4491170
0 4489170
0 4488170
0 4483170
0 4481170
0 4480170
0 4479170
0 4478170
0 4477170
0 4476170
0 4473170
0 4471170
1 4469170
0 4468170
0 4467170
0 4466170
0 4465170
0 4463170
0 4462170
0 4460170
1 4459170
1 4457170
0 4456170
0 4455170
0 4454170
0 4453170
0 4452170
0 4450170
0 4448170
0 4447170
0 4445170
0 4443170
0 4440170
0 4439170
0 4438170
0 4436170
0 4434170
0 4433170
0 4431170
1 4429170
0 4428170
0 4427170
0 4426170
0 4424170
0 4421170
0 4420170
0 4419170
0 4418170
0 4416170
0 4415170
0 4414170
0 4413170
0 4412170
0 4410170
0 4409170
0 4408170
0 4407170
0 4406170
0 4405170
0 4404170
0 4401170
0 4397170
0 4394170
1 4393170
0 4392170
0 4391170
0 4388170
0 4387170
0 4385170
0 4384170
0 4383170
0 4382170
0 4381170
0 4380170
0 4379170
0 4378170
0 4375170
0 4374170
1 4373170
0 4372170
0 4370170
0 4367170
0 4366170
1 4365170
0 4364170
0 4363170
0 4362170
0 4360170
0 4358170
0 4355170
0 4353170
0 4352170
0 4345170
0 4343170
0 4341170
0 4340170
0 4338170
0 4337170
0 4335170
0 4334170
0 4332170
0 4331170
0 4330170
0 4329170
0 4328170
0 4327170
0 4326170
0 4324170
0 4323170
0 4322170
0 4321170
0 4320170
0 4319170
0 4318170
0 4317170
0 4314170
0 4313170
1 4312170
0 4311170
1 4310170
0 4308170
0 4306170
0 4305170
0 4302170
0 4301170
0 4299170
0 4298170
0 4297170
0 4296170
0 4294170
0 4291170
0 4289170
0 4288170
1 4287170
0 4280170
0 4279170
0 4278170
0 4277170
0 4276170
0 4274170
0 4273170
0 4272170
0 4270170
1 4268170
0 4267170
0 4265170
0 4264170
0 4263170
0 4262170
0 4260170
0 4259170
0 4258170
0 4256170
0 4255170
0 4254170
0 4253170
1 4251170
0 4250170
0 4248170
0 4247170
0 4244170
0 4240170
0 4239170
0 4238170
0 4236170
0 4234170
0 4233170
0 4231170
0 4230170
0 4229170
0 4228170
0 4225170
0 4224170
0 4222170
0 4221170
0 4220170
0 4218170
0 4217170
0 4216170
0 4215170
0 4214170
0 4212170
0 4211170
0 4210170
0 4209170
0 4208170
0 4207170
0 4206170
0 4203170
0 4202170
1 4201170
0 4199170
0 4198170
0 4197170
0 4193170
0 4192170
0 4191170
0 4190170
0 4189170
0 4188170
0 4187170
0 4186170
0 4185170
0 4184170
0 4183170
0 4182170
0 4181170
0 4180170
0 4179170
0 4178170
1 4174170
0 4173170
0 4172170
0 4171170
0 4170170
0 4169170
0 4168170
0 4167170
0 4166170
0 4165170
1 4164170
0 4161170
0 4160170
0 4157170
0 4155170
0 4152170
0 4151170
0 4150170
0 4149170
0 4148170
0 4146170
0 4145170
0 4144170
0 4137170
0 4136170
0 4135170
0 4134170
0 4133170
0 4128170
1 4127170
0 4126170
0 4122170
0 4121170
0 4120170
1 4119170
0 4118170
0 4117170
0 4116170
0 4115170
0 4114170
0 4113170
0 4112170
0 4110170
1 4108170
0 4107170
0 4106170
0 4105170
0 4104170
1 4103170
0 4101170
0 4100170
0 4098170
0 4096170
1 4095170
1 4094170
1 4093170
0 4087170
0 4086170
0 4084170
0 4083170
0 4082170
0 4080170
0 4079170
0 4078170
0 4077170
0 4075170
0 4074170
0 4072170
0 4069170
0 4068170
0 4067170
0 4066170
0 4065170
0 4064170
0 4061170
0 4060170
1 4058170
0 4057170
0 4056170
0 4055170
0 4053170
0 4047170
0 4046170
1 4040170
0 4039170
1 4037170
0 4036170
1 4035170
0 4031170
0 4030170
0 4029170
1 4028170
0 4027170
1 4026170
0 4023170
0 4022170
0 4019170
0 4016170
0 4013170
0 4012170
0 4011170
0 4010170
0 4009170
0 4006170
0 4005170
0 4003170
0 4001170
0 4000170
0 3999170
0 3998170
0 3997170
0 3996170
0 3995170
0 3994170
0 3993170
0 3989170
0 3987170
0 3985170
0 3984170
0 3982170
1 3978170
1 3976170
0 3974170
0 3973170
1 3972170
0 3970170
0 3969170
0 3968170
0 3966170
0 3965170
0 3962170
1 3961170
0 3960170
0 3958170
1 3957170
0 3955170
0 3954170
0 3952170
0 3951170
0 3950170
0 3949170
0 3948170
0 3947170
0 3946170
0 3944170
0 3943170
0 3942170
0 3941170
0 3940170
0 3939170
0 3938170
0 3937170
0 3936170
0 3935170
1 3934170
0 3933170
0 3932170
0 3931170
0 3929170
0 3928170
0 3927170
0 3926170
0 3925170
0 3924170
0 3921170
0 3920170
0 3919170
0 3918170
0 3917170
0 3916170
0 3915170
0 3913170
0 3912170
0 3910170
0 3909170
0 3908170
0 3905170
0 3903170
0 3902170
0 3901170
0 3900170
0 3899170
0 3898170
0 3897170
0 3896170
0 3894170
0 3893170
0 3892170
0 3891170
0 3890170
0 3889170
0 3888170
0 3887170
0 3886170
0 3885170
0 3884170
0 3883170
0 3882170
0 3880170
0 3879170
0 3875170
0 3874170
0 3873170
0 3872170
0 3871170
0 3870170
0 3869170
0 3868170
0 3867170
0 3866170
0 3865170
0 3863170
0 3861170
0 3860170
0 3859170
0 3858170
0 3857170
0 3856170
0 3855170
1 3853170
0 3852170
0 3851170
1 3850170
0 3849170
0 3848170
0 3845170
0 3844170
0 3843170
0 3842170
0 3835170
0 3834170
0 3833170
0 3832170
0 3831170
0 3830170
0 3828170
1 3827170
0 3826170
1 3824170
1 3823170
0 3821170
0 3819170
4 3818170
0 3817170
0 3815170
1 3813170
0 3812170
0 3811170
0 3809170
0 3808170
0 3807170
0 3801170
0 3800170
0 3796170
0 3795170
0 3794170
0 3793170
0 3791170
0 3788170
0 3787170
0 3786170
0 3783170
0 3781170
0 3780170
0 3778170
0 3777170
0 3776170
0 3775170
0 3772170
0 3771170
0 3770170
0 3769170
0 3767170
0 3765170
0 3764170
0 3763170
0 3762170
0 3759170
0 3757170
0 3754170
0 3753170
1 3752170
0 3751170
0 3750170
1 3749170
1 3745170
0 3744170
0 3743170
0 3735170
0 3731170
0 3730170
1 3728170
1 3726170
1 3725170
1 3724170
0 3722170
0 3721170
0 3718170
0 3715170
0 3713170
0 3712170
0 3711170
0 3710170
0 3709170
1 3708170
0 3707170
0 3706170
1 3702170
0 3701170
0 3699170
0 3698170
0 3697170
1 3696170
0 3691170
0 3689170
0 3685170
0 3684170
0 3683170
0 3682170
0 3680170
0 3679170
0 3678170
0 3677170
0 3676170
0 3675170
0 3674170
0 3672170
0 3667170
0 3664170
1 3663170
0 3662170
0 3661170
0 3657170
0 3654170
0 3653170
1 3650170
0 3649170
0 3648170
1 3645170
1 3644170
1 3642170
0 3638170
0 3637170
0 3636170
0 3635170
0 3632170
0 3631170
0 3630170
0 3629170
0 3627170
0 3625170
0 3624170
1 3623170
0 3622170
0 3621170
0 3620170
0 3619170
0 3616170
0 3611170
0 3610170
0 3609170
0 3607170
0 3604170
0 3601170
0 3600170
0 3598170
0 3596170
0 3595170
0 3594170
0 3593170
0 3592170
0 3591170
0 3589170
0 3588170
0 3587170
1 3586170
0 3585170
0 3584170
0 3581170
0 3577170
0 3576170
0 3575170
0 3574170
0 3573170
0 3568170
0 3567170
0 3566170
0 3565170
0 3564170
0 3563170
0 3562170
0 3561170
0 3560170
0 3559170
0 3558170
0 3557170
0 3556170
0 3555170
0 3554170
0 3553170
0 3552170
0 3551170
1 3549170
0 3548170
0 3547170
0 3546170
0 3544170
0 3543170
0 3542170
0 3541170
0 3540170
0 3539170
1 3538170
1 3537170
0 3534170
0 3532170
0 3531170
0 3529170
0 3528170
0 3527170
0 3526170
0 3525170
1 3524170
0 3523170
0 3521170
0 3520170
0 3519170
0 3518170
0 3517170
0 3516170
0 3515170
0 3514170
0 3512170
0 3511170
0 3509170
0 3508170
0 3507170
0 3505170
0 3504170
0 3502170
0 3500170
0 3497170
0 3496170
1 3492170
0 3490170
0 3488170
0 3487170
0 3485170
0 3482170
0 3480170
0 3478170
0 3475170
0 3474170
0 3473170
0 3471170
0 3469170
0 3468170
0 3467170
0 3466170
0 3463170
0 3462170
0 3460170
0 3459170
0 3458170
0 3454170
1 3453170
0 3452170
0 3451170
0 3450170
0 3449170
0 3448170
0 3447170
0 3446170
0 3445170
0 3440170
0 3437170
0 3436170
1 3435170
1 3434170
0 3433170
0 3427170
1 3426170
0 3425170
1 3424170
0 3423170
0 3422170
0 3421170
0 3418170
1 3416170
0 3415170
0 3413170
0 3412170
0 3409170
0 3405170
0 3404170
0 3402170
0 3401170
0 3400170
1 3399170
0 3398170
0 3396170
0 3395170
0 3394170
0 3393170
0 3392170
0 3391170
0 3390170
0 3388170
0 3387170
0 3386170
0 3379170
0 3378170
0 3377170
1 3376170
1 3375170
0 3374170
0 3372170
0 3370170
0 3369170
0 3368170
0 3366170
0 3365170
0 3364170
0 3362170
0 3360170
0 3359170
0 3358170
0 3357170
0 3356170
0 3355170
0 3354170
0 3351170
1 3350170
0 3349170
0 3348170
0 3347170
0 3345170
0 3344170
0 3341170
0 3340170
0 3339170
0 3336170
0 3334170
0 3333170
0 3326170
0 3322170
0 3321170
0 3320170
0 3319170
0 3318170
0 3309170
0 3306170
0 3305170
0 3304170
0 3303170
0 3302170
0 3301170
0 3300170
0 3298170
0 3297170
0 3296170
0 3293170
0 3292170
0 3291170
0 3290170
0 3289170
0 3288170
0 3287170
0 3286170
0 3283170
0 3282170
0 3281170
0 3280170
1 3278170
0 3276170
0 3275170
0 3274170
1 3272170
1 3271170
1 3265170
1 3263170
0 3260170
0 3256170
0 3255170
0 3254170
0 3252170
0 3251170
0 3250170
0 3249170
0 3248170
0 3247170
1 3245170
0 3244170
0 3243170
0 3242170
0 3241170
0 3239170
0 3237170
1 3235170
0 3231170
0 3230170
0 3228170
0 3227170
0 3226170
0 3225170
0 3222170
1 3220170
0 3218170
1 3217170
1 3215170
1 3214170
0 3213170
0 3211170
1 3210170
0 3208170
0 3204170
0 3203170
0 3202170
0 3201170
0 3200170
0 3197170
0 3195170
0 3193170
0 3191170
0 3190170
0 3189170
0 3188170
0 3187170
0 3186170
0 3185170
0 3184170
0 3183170
0 3182170
0 3181170
0 3180170
0 3179170
0 3178170
0 3177170
0 3176170
0 3175170
0 3174170
0 3173170
0 3172170
0 3171170
0 3170170
0 3169170
1 3168170
0 3167170
0 3166170
0 3165170
0 3164170
0 3163170
0 3162170
0 3161170
0 3160170
0 3159170
0 3158170
0 3157170
0 3156170
0 3155170
0 3153170
0 3152170
0 3151170
0 3149170
1 3147170
0 3146170
0 3145170
0 3144170
0 3143170
0 3142170
0 3140170
0 3139170
0 3138170
0 3136170
0 3134170
1 3133170
1 3132170
0 3131170
0 3130170
0 3129170
0 3128170
0 3127170
0 3126170
0 3125170
0 3124170
0 3123170
0 3122170
0 3121170
0 3119170
0 3118170
0 3116170
0 3115170
0 3114170
0 3113170
0 3112170
1 3110170
1 3109170
1 3108170
0 3107170
0 3103170
0 3102170
0 3101170
0 3100170
0 3099170
0 3098170
0 3096170
0 3095170
0 3092170
0 3090170
0 3087170
0 3086170
1 3085170
0 3084170
0 3083170
0 3079170
0 3078170
0 3077170
0 3074170
0 3073170
0 3071170
0 3070170
0 3069170
0 3068170
0 3067170
0 3066170
0 3065170
0 3064170
0 3061170
0 3060170
0 3059170
0 3055170
0 3054170
0 3053170
0 3052170
0 3051170
0 3049170
0 3048170
0 3046170
0 3045170
0 3044170
0 3043170
0 3042170
1 3041170
1 3040170
0 3039170
0 3038170
0 3037170
0 3036170
0 3035170
1 3033170
0 3032170
0 3031170
0 3030170
0 3029170
0 3028170
0 3025170
1 3024170
1 3023170
1 3022170
1 3021170
0 3020170
0 3019170
0 3017170
0 3016170
0 3015170
0 3014170
0 3013170
0 3011170
0 3010170
0 3008170
0 3006170
0 3005170
0 3004170
0 3003170
1 3002170
0 3001170
0 3000170
0 2999170
0 2997170
1 2995170
0 2993170
0 2992170
0 2991170
0 2989170
0 2988170
0 2987170
0 2982170
0 2981170
0 2979170
0 2978170
0 2977170
0 2976170
0 2975170
0 2974170
0 2973170
0 2972170
0 2971170
0 2970170
0 2969170
0 2968170
0 2967170
0 2966170
0 2965170
1 2964170
0 2959170
0 2954170
0 2953170
0 2952170
0 2950170
0 2948170
0 2947170
0 2946170
1 2945170
0 2941170
0 2938170
0 2937170
0 2936170
0 2935170
0 2934170
0 2933170
0 2932170
0 2931170
0 2930170
0 2929170
0 2928170
0 2927170
0 2926170
0 2924170
1 2923170
0 2921170
0 2920170
0 2919170
0 2918170
0 2917170
0 2916170
0 2915170
0 2914170
0 2912170
0 2909170
0 2908170
0 2907170
0 2906170
1 2905170
0 2903170
0 2902170
0 2901170
0 2898170
0 2897170
0 2895170
0 2894170
0 2893170
0 2892170
0 2890170
0 2889170
0 2888170
0 2887170
0 2885170
0 2884170
1 2883170
1 2882170
0 2880170
0 2879170
1 2878170
0 2877170
0 2876170
0 2875170
0 2874170
0 2872170
0 2871170
1 2869170
0 2867170
0 2866170
0 2865170
0 2864170
0 2863170
0 2862170
0 2861170
1 2860170
0 2859170
0 2858170
0 2857170
1 2856170
0 2855170
0 2854170
0 2853170
1 2852170
0 2851170
0 2849170
0 2848170
0 2846170
0 2845170
1 2844170
0 2842170
1 2841170
1 2839170
0 2837170
0 2836170
0 2835170
0 2833170
0 2831170
0 2829170
0 2828170
0 2826170
0 2825170
0 2824170
0 2823170
0 2821170
0 2818170
0 2817170
0 2814170
0 2813170
0 2812170
0 2811170
0 2810170
1 2809170
0 2808170
0 2805170
0 2803170
0 2802170
0 2801170
0 2800170
1 2799170
0 2798170
0 2797170
0 2795170
0 2794170
0 2793170
0 2790170
0 2789170
0 2788170
0 2787170
0 2786170
0 2785170
0 2784170
0 2782170
0 2781170
0 2779170
0 2778170
0 2777170
0 2775170
0 2774170
0 2773170
0 2771170
0 2769170
0 2768170
0 2766170
0 2765170
0 2763170
0 2761170
0 2759170
0 2758170
0 2753170
1 2749170
0 2748170
1 2747170
0 2746170
0 2742170
0 2741170
0 2740170
0 2739170
0 2738170
0 2733170
0 2732170
0 2731170
0 2729170
1 2727170
0 2725170
0 2724170
0 2723170
0 2722170
0 2721170
0 2720170
0 2719170
0 2718170
0 2717170
0 2716170
0 2715170
0 2714170
0 2712170
0 2711170
0 2709170
0 2708170
0 2707170
0 2704170
0 2698170
0 2696170
0 2692170
0 2691170
0 2690170
0 2689170
0 2688170
0 2687170
1 2686170
0 2685170
0 2683170
0 2681170
0 2680170
0 2678170
0 2677170
1 2676170
0 2675170
0 2673170
0 2672170
0 2669170
0 2668170
0 2667170
0 2666170
0 2665170
0 2664170
0 2663170
0 2662170
1 2661170
0 2660170
0 2657170
0 2656170
0 2654170
0 2653170
0 2650170
0 2649170
0 2648170
0 2647170
0 2646170
0 2645170
0 2644170
0 2643170
1 2642170
0 2641170
1 2640170
1 2639170
0 2638170
0 2637170
0 2636170
0 2635170
0 2634170
0 2633170
0 2632170
0 2630170
0 2629170
0 2628170
0 2627170
0 2625170
0 2624170
0 2623170
0 2622170
0 2621170
0 2620170
0 2619170
0 2617170
0 2616170
0 2614170
0 2612170
0 2611170
0 2607170
0 2606170
0 2604170
0 2603170
0 2601170
0 2599170
0 2598170
0 2597170
0 2596170
0 2595170
0 2593170
0 2592170
0 2591170
0 2590170
0 2588170
0 2587170
1 2586170
0 2584170
0 2583170
0 2582170
0 2581170
0 2580170
0 2579170
0 2578170
1 2577170
0 2576170
0 2575170
0 2574170
1 2573170
1 2572170
1 2571170
1 2570170
0 2569170
0 2568170
0 2567170
0 2566170
0 2565170
0 2563170
0 2562170
0 2561170
0 2560170
0 2559170
0 2558170
0 2557170
0 2556170
0 2555170
0 2554170
0 2553170
0 2552170
0 2551170
0 2550170
0 2549170
0 2548170
0 2546170
0 2545170
0 2544170
0 2543170
0 2542170
0 2541170
0 2539170
0 2538170
0 2537170
0 2536170
0 2535170
0 2533170
0 2532170
0 2530170
0 2529170
0 2528170
0 2527170
0 2525170
0 2524170
0 2523170
0 2521170
0 2520170
0 2518170
0 2517170
0 2516170
0 2515170
0 2514170
0 2513170
0 2512170
0 2510170
0 2509170
0 2507170
1 2506170
1 2505170
0 2504170
1 2503170
1 2502170
0 2501170
1 2499170
0 2498170
0 2497170
1 2496170
1 2494170
1 2493170
0 2492170
0 2491170
0 2490170
0 2488170
1 2487170
0 2485170
1 2484170
0 2483170
0 2482170
0 2481170
0 2480170
0 2479170
0 2478170
0 2476170
0 2475170
0 2474170
0 2473170
0 2472170
0 2471170
0 2469170
0 2468170
0 2467170
0 2466170
0 2463170
0 2461170
0 2460170
0 2459170
0 2458170
0 2457170
0 2456170
0 2455170
0 2454170
0 2453170
1 2452170
1 2451170
1 2447170
1 2446170
0 2443170
1 2442170
0 2441170
0 2440170
0 2435170
0 2434170
0 2433170
0 2432170
0 2430170
0 2428170
0 2426170
0 2423170
0 2420170
0 2418170
0 2417170
0 2416170
0 2415170
0 2414170
1 2411170
0 2409170
1 2408170
1 2407170
0 2406170
0 2405170
0 2404170
0 2403170
1 2400170
0 2399170
1 2398170
0 2397170
0 2396170
0 2395170
0 2394170
0 2393170
0 2392170
1 2390170
0 2389170
0 2387170
1 2386170
0 2384170
0 2383170
0 2382170
0 2380170
1 2378170
1 2377170
0 2376170
0 2373170
0 2372170
0 2371170
0 2370170
0 2369170
0 2368170
0 2367170
0 2366170
0 2365170
0 2364170
0 2362170
0 2361170
0 2359170
0 2357170
0 2356170
0 2355170
0 2354170
0 2352170
0 2350170
1 2347170
0 2345170
0 2344170
0 2343170
0 2342170
1 2341170
0 2340170
0 2339170
0 2338170
0 2337170
0 2336170
0 2330170
0 2329170
0 2328170
1 2327170
0 2326170
0 2322170
0 2321170
0 2320170
0 2318170
0 2317170
0 2315170
0 2312170
0 2311170
0 2310170
0 2309170
0 2308170
0 2307170
0 2304170
0 2303170
0 2302170
0 2301170
0 2300170
0 2299170
0 2298170
0 2297170
0 2296170
0 2295170
0 2294170
0 2293170
0 2292170
0 2291170
0 2290170
0 2289170
0 2288170
0 2287170
0 2285170
0 2284170
0 2283170
0 2281170
0 2280170
0 2278170
0 2277170
0 2276170
0 2275170
0 2274170
0 2271170
0 2270170
0 2268170
0 2266170
0 2265170
1 2264170
0 2263170
0 2262170
0 2261170
0 2260170
0 2259170
0 2258170
0 2255170
1 2254170
0 2253170
0 2252170
0 2251170
0 2249170
0 2248170
0 2247170
0 2244170
0 2243170
0 2242170
0 2241170
0 2240170
0 2239170
0 2238170
0 2237170
0 2235170
0 2234170
0 2233170
0 2232170
0 2231170
0 2230170
0 2229170
0 2228170
0 2227170
0 2226170
0 2225170
0 2224170
0 2223170
0 2222170
0 2220170
0 2219170
0 2217170
0 2215170
0 2214170
0 2213170
0 2212170
0 2211170
0 2210170
0 2209170
0 2208170
0 2207170
0 2206170
0 2205170
0 2204170
0 2203170
0 2202170
0 2201170
0 2198170
0 2197170
0 2195170
0 2186170
0 2185170
0 2184170
0 2183170
0 2182170
0 2181170
0 2180170
1 2179170
0 2178170
0 2177170
0 2176170
1 2175170
0 2174170
0 2172170
0 2171170
0 2169170
0 2168170
0 2167170
0 2164170
0 2163170
0 2161170
0 2160170
0 2159170
0 2156170
0 2155170
0 2154170
0 2153170
0 2152170
0 2151170
0 2150170
0 2149170
0 2148170
0 2147170
0 2144170
0 2143170
0 2142170
1 2138170
0 2137170
0 2136170
0 2135170
0 2133170
0 2132170
0 2130170
0 2129170
0 2128170
1 2127170
1 2126170
0 2125170
0 2124170
0 2122170
0 2120170
0 2116170
0 2115170
0 2114170
0 2113170
0 2111170
0 2108170
1 2107170
1 2106170
0 2105170
0 2102170
0 2101170
0 2098170
0 2097170
0 2096170
0 2094170
0 2093170
0 2092170
1 2091170
0 2089170
0 2088170
0 2085170
0 2083170
0 2082170
0 2081170
0 2080170
0 2079170
0 2078170
0 2077170
0 2073170
1 2071170
0 2070170
0 2069170
0 2068170
0 2066170
0 2065170
0 2063170
0 2062170
0 2060170
1 2059170
0 2058170
0 2056170
0 2054170
0 2053170
0 2051170
0 2049170
0 2048170
0 2045170
0 2042170
1 2041170
0 2040170
0 2039170
0 2038170
0 2037170
0 2036170
0 2035170
0 2034170
0 2033170
0 2032170
0 2030170
1 2029170
1 2019170
0 2016170
0 2012170
0 2010170
0 2007170
0 2006170
0 2004170
0 2003170
0 2002170
0 2001170
0 2000170
0 1999170
0 1997170
0 1993170
0 1991170
0 1990170
1 1989170
0 1987170
0 1986170
1 1985170
0 1984170
0 1983170
0 1981170
0 1980170
0 1979170
0 1972170
1 1970170
0 1968170
0 1967170
0 1966170
0 1965170
0 1964170
0 1962170
0 1960170
0 1959170
0 1958170
0 1957170
0 1956170
1 1955170
1 1954170
1 1953170
0 1952170
0 1948170
0 1947170
0 1946170
0 1945170
0 1944170
1 1943170
0 1942170
0 1941170
0 1940170
0 1939170
0 1938170
0 1937170
0 1936170
0 1935170
0 1933170
0 1930170
0 1929170
0 1927170
0 1923170
0 1921170
0 1920170
0 1918170
0 1916170
0 1915170
0 1914170
0 1913170
0 1911170
0 1907170
0 1905170
0 1904170
0 1902170
0 1900170
0 1898170
0 1896170
0 1895170
0 1894170
0 1893170
0 1892170
1 1891170
0 1888170
0 1883170
0 1882170
0 1880170
0 1878170
0 1876170
0 1875170
1 1873170
0 1872170
0 1871170
0 1870170
0 1866170
0 1865170
0 1864170
0 1863170
0 1862170
0 1861170
0 1858170
0 1857170
0 1856170
0 1854170
0 1853170
0 1850170
0 1848170
0 1845170
0 1843170
0 1840170
0 1839170
0 1838170
0 1837170
0 1836170
0 1835170
0 1834170
1 1832170
0 1831170
0 1830170
1 1829170
1 1828170
1 1826170
0 1825170
1 1824170
1 1822170
0 1821170
1 1820170
0 1817170
0 1816170
0 1814170
0 1813170
0 1812170
0 1807170
0 1806170
0 1805170
0 1803170
0 1802170
0 1801170
0 1798170
0 1797170
0 1796170
0 1792170
0 1790170
0 1789170
0 1788170
0 1787170
0 1786170
0 1785170
0 1784170
0 1783170
0 1782170
0 1781170
0 1780170
0 1779170
0 1778170
0 1777170
0 1775170
0 1774170
1 1773170
0 1772170
0 1768170
0 1767170
0 1764170
0 1763170
0 1762170
0 1761170
0 1760170
0 1759170
0 1758170
1 1757170
0 1756170
0 1755170
0 1752170
1 1751170
0 1750170
1 1748170
0 1742170
0 1741170
0 1740170
0 1739170
0 1737170
0 1736170
0 1735170
0 1734170
0 1732170
1 1731170
1 1730170
1 1729170
0 1728170
0 1727170
1 1724170
0 1723170
0 1721170
0 1720170
0 1718170
0 1717170
0 1713170
1 1712170
0 1706170
0 1705170
0 1704170
0 1703170
0 1702170
0 1700170
1 1699170
0 1698170
0 1697170
0 1696170
0 1693170
0 1691170
0 1689170
0 1687170
0 1686170
1 1685170
0 1684170
0 1683170
0 1682170
0 1681170
0 1680170
0 1679170
0 1678170
0 1676170
0 1674170
0 1673170
0 1672170
0 1671170
0 1670170
0 1668170
0 1663170
0 1662170
0 1661170
0 1659170
0 1657170
0 1656170
0 1655170
0 1654170
0 1653170
0 1651170
0 1650170
0 1649170
0 1648170
0 1647170
0 1646170
0 1645170
0 1644170
0 1643170
0 1642170
0 1640170
0 1639170
0 1631170
0 1630170
0 1629170
0 1627170
0 1626170
0 1625170
0 1624170
0 1623170
0 1622170
0 1621170
0 1619170
0 1618170
1 1616170
0 1614170
0 1612170
0 1611170
0 1608170
0 1606170
0 1605170
0 1604170
0 1603170
0 1600170
0 1599170
0 1598170
0 1597170
0 1596170
0 1595170
1 1594170
0 1593170
1 1592170
0 1591170
0 1589170
0 1588170
0 1587170
0 1585170
0 1584170
0 1583170
0 1582170
0 1581170
1 1580170
0 1579170
0 1577170
0 1573170
0 1572170
0 1571170
0 1570170
0 1569170
0 1568170
0 1567170
0 1566170
0 1564170
0 1563170
1 1560170
1 1559170
1 1558170
0 1555170
0 1553170
0 1552170
0 1549170
0 1546170
0 1545170
0 1544170
0 1543170
1 1542170
1 1536170
0 1535170
0 1534170
0 1533170
0 1532170
0 1531170
0 1530170
1 1529170
0 1528170
0 1527170
1 1526170
0 1525170
0 1524170
0 1523170
0 1522170
0 1521170
0 1520170
0 1519170
0 1518170
0 1517170
0 1515170
0 1514170
0 1512170
0 1509170
0 1506170
0 1505170
1 1500170
1 1499170
1 1498170
1 1497170
1 1496170
1 1495170
0 1492170
1 1491170
1 1490170
1 1489170
1 1488170
0 1486170
1 1485170
0 1482170
0 1481170
0 1480170
0 1478170
0 1477170
0 1476170
0 1475170
1 1474170
1 1473170
0 1472170
0 1471170
1 1468170
0 1467170
0 1466170
0 1464170
0 1462170
0 1461170
0 1460170
0 1458170
0 1457170
0 1456170
0 1455170
0 1454170
0 1453170
0 1452170
0 1451170
0 1450170
0 1448170
0 1447170
0 1446170
1 1445170
0 1443170
0 1439170
0 1438170
0 1437170
0 1433170
0 1432170
0 1431170
0 1430170
0 1429170
0 1423170
0 1421170
0 1420170
0 1418170
0 1417170
0 1416170
0 1415170
0 1414170
0 1412170
0 1410170
0 1408170
0 1407170
1 1406170
0 1404170
1 1403170
1 1402170
0 1400170
0 1399170
0 1398170
1 1397170
0 1396170
0 1394170
0 1393170
0 1392170
0 1391170
0 1390170
0 1389170
1 1388170
0 1387170
1 1386170
1 1382170
0 1380170
0 1379170
1 1378170
1 1377170
0 1376170
0 1375170
0 1374170
0 1373170
0 1371170
0 1370170
0 1368170
0 1367170
1 1364170
1 1361170
0 1359170
1 1351170
0 1350170
0 1349170
0 1348170
0 1347170
0 1345170
1 1341170
0 1339170
1 1338170
1 1337170
0 1336170
0 1335170
1 1334170
0 1333170
0 1332170
0 1330170
0 1329170
0 1328170
0 1327170
0 1326170
1 1324170
0 1323170
0 1322170
0 1320170
0 1316170
0 1315170
0 1314170
0 1313170
0 1312170
1 1309170
0 1307170
0 1305170
1 1304170
0 1303170
0 1302170
0 1301170
0 1300170
0 1298170
0 1295170
0 1293170
1 1292170
1 1291170
0 1290170
0 1289170
0 1287170
0 1286170
0 1285170
0 1282170
0 1279170
0 1278170
0 1277170
0 1274170
0 1272170
0 1270170
0 1269170
0 1267170
0 1266170
0 1264170
0 1263170
0 1262170
0 1261170
0 1260170
0 1259170
0 1258170
0 1257170
0 1254170
0 1253170
0 1252170
0 1246170
0 1245170
0 1244170
0 1243170
0 1241170
0 1240170
0 1239170
0 1236170
0 1235170
0 1231170
0 1224170
0 1219170
0 1218170
0 1217170
0 1213170
0 1210170
0 1209170
0 1208170
0 1205170
0 1204170
0 1203170
0 1201170
0 1200170
0 1199170
0 1195170
0 1194170
0 1193170
0 1192170
0 1191170
0 1190170
0 1189170
1 1187170
0 1186170
0 1185170
0 1184170
0 1183170
0 1182170
0 1181170
0 1180170
0 1178170
0 1177170
0 1175170
0 1174170
0 1173170
1 1172170
0 1170170
0 1169170
1 1166170
0 1165170
0 1164170
0 1163170
0 1162170
0 1161170
0 1159170
0 1158170
0 1155170
0 1154170
0 1153170
0 1152170
0 1150170
0 1147170
0 1146170
0 1145170
0 1144170
0 1140170
0 1139170
0 1136170
0 1135170
0 1134170
1 1132170
0 1128170
0 1127170
0 1126170
0 1123170
1 1122170
0 1121170
0 1120170
0 1119170
0 1118170
0 1117170
0 1116170
0 1114170
0 1113170
0 1112170
0 1110170
0 1109170
0 1108170
0 1107170
1 1106170
1 1105170
0 1103170
0 1101170
0 1100170
0 1099170
0 1097170
0 1094170
0 1093170
0 1091170
0 1089170
0 1088170
0 1087170
0 1085170
0 1084170
0 1083170
0 1082170
0 1081170
0 1080170
0 1079170
0 1078170
0 1077170
0 1076170
0 1075170
0 1074170
1 1073170
0 1070170
0 1066170
0 1064170
0 1058170
0 1057170
0 1055170
0 1053170
0 1052170
0 1051170
0 1050170
0 1047170
0 1045170
0 1044170
0 1042170
0 1041170
0 1040170
0 1039170
0 1037170
0 1036170
0 1035170
0 1034170
0 1032170
0 1031170
0 1030170
0 1029170
0 1028170
0 1026170
0 1023170
0 1017170
0 1015170
0 1014170
0 1011170
0 1008170
0 1006170
1 1004170
0 1003170
0 1001170
0 1000170
0 998170
0 997170
0 996170
1 995170
0 993170
0 992170
0 991170
0 990170
0 989170
0 988170
0 986170
0 984170
0 983170
0 982170
0 981170
0 980170
0 978170
0 977170
0 976170
0 975170
0 974170
0 973170
0 971170
0 970170
0 969170
0 968170
0 967170
0 966170
0 965170
0 957170
0 956170
0 954170
1 953170
0 950170
0 949170
1 948170
0 947170
0 946170
0 941170
0 939170
0 938170
0 936170
0 933170
0 931170
0 930170
0 928170
0 927170
1 926170
0 925170
0 924170
1 923170
0 922170
1 921170
0 920170
0 919170
0 918170
0 916170
0 915170
0 914170
0 913170
0 912170
0 911170
1 909170
0 907170
0 903170
0 902170
0 901170
0 900170
0 898170
0 897170
0 895170
0 894170
0 892170
0 891170
0 890170
0 888170
0 887170
0 886170
0 884170
0 883170
0 881170
0 880170
0 879170
0 878170
0 875170
0 874170
0 873170
0 872170
0 871170
0 870170
0 867170
0 866170
1 865170
0 863170
0 862170
0 861170
0 860170
0 858170
0 857170
0 856170
0 855170
0 852170
0 851170
0 847170
0 844170
0 841170
0 840170
0 839170
0 838170
0 835170
0 834170
0 830170
0 829170
0 828170
0 827170
0 825170
0 823170
0 822170
0 821170
0 820170
0 819170
1 818170
0 816170
0 815170
0 814170
0 812170
0 811170
0 807170
0 803170
0 802170
0 801170
1 798170
0 797170
0 796170
0 794170
0 793170
0 791170
0 790170
0 789170
0 788170
0 787170
0 786170
0 785170
0 784170
0 783170
0 782170
0 780170
0 779170
0 778170
0 775170
0 772170
0 771170
1 768170
0 763170
0 760170
0 759170
0 755170
0 754170
0 751170
0 750170
0 749170
0 748170
0 747170
0 746170
0 745170
0 744170
0 743170
0 742170
0 740170
0 738170
0 737170
0 736170
0 735170
0 733170
1 731170
0 728170
0 727170
0 726170
0 725170
0 723170
0 722170
0 721170
0 720170
0 719170
0 718170
0 717170
0 715170
0 714170
0 712170
0 711170
1 708170
0 706170
0 705170
0 704170
0 703170
1 702170
0 701170
0 700170
0 698170
1 697170
1 696170
1 695170
0 693170
0 691170
1 688170
1 687170
1 686170
0 685170
0 684170
0 679170
0 677170
0 676170
0 675170
0 671170
0 670170
0 668170
0 667170
0 666170
0 665170
0 664170
0 663170
1 662170
1 660170
0 659170
0 657170
0 651170
0 650170
0 649170
0 646170
0 643170
0 642170
0 641170
0 640170
0 639170
0 637170
0 636170
0 635170
0 634170
0 633170
0 632170
0 630170
0 629170
0 628170
0 627170
0 626170
0 625170
0 624170
0 618170
0 616170
0 615170
0 613170
0 608170
0 607170
0 606170
0 604170
0 603170
0 602170
0 601170
0 600170
0 599170
0 598170
0 597170
0 594170
1 593170
0 587170
0 584170
0 582170
0 578170
0 576170
0 574170
0 572170
0 571170
0 570170
0 569170
0 568170
0 564170
1 561170
1 558170
1 556170
0 554170
0 552170
0 550170
0 549170
1 548170
1 547170
0 542170
0 541170
0 539170
1 538170
0 536170
1 535170
0 531170
0 530170
0 529170
0 528170
0 527170
0 526170
0 525170
0 524170
0 522170
1 519170
1 518170
0 517170
1 516170
0 514170
0 513170
1 509170
0 506170
0 503170
0 499170
0 498170
0 495170
0 494170
0 493170
0 492170
0 491170
0 490170
0 489170
0 488170
0 487170
0 486170
0 485170
0 484170
0 481170
1 480170
1 479170
0 478170
0 477170
0 475170
0 472170
0 471170
0 470170
0 469170
0 468170
0 467170
0 466170
0 464170
0 460170
0 459170
0 458170
0 456170
0 454170
0 453170
0 451170
0 448170
0 447170
0 445170
0 439170
0 436170
0 435170
0 434170
0 432170
0 430170
0 428170
0 426170
0 421170
0 420170
0 419170
0 418170
0 417170
0 416170
0 414170
0 411170
0 410170
0 408170
0 407170
0 405170
0 404170
0 403170
0 402170
0 398170
1 396170
0 394170
0 391170
0 390170
0 387170
0 386170
0 385170
0 384170
0 383170
0 381170
0 380170
0 379170
0 378170
0 377170
0 376170
0 375170
1 373170
0 372170
0 370170
0 369170
0 365170
0 360170
0 359170
0 354170
0 353170
0 351170
0 350170
0 349170
1 346170
1 344170
1 342170
1 341170
0 340170
0 336170
0 335170
0 333170
0 332170
0 331170
0 330170
0 328170
0 327170
1 325170
0 323170
1 320170
0 318170
0 317170
0 314170
0 311170
1 308170
0 307170
0 306170
0 305170
0 304170
0 301170
0 300170
0 299170
0 297170
0 296170
0 294170
1 290170
1 289170
0 282170
0 281170
0 279170
0 276170
1 275170
1 274170
1 273170
1 272170
1 271170
1 270170
1 268170
0 267170
0 266170
0 265170
0 264170
0 263170
1 262170
1 260170
1 259170
0 258170
0 257170
0 256170
0 255170
1 251170
0 250170
0 246170
1 245170
0 244170
1 243170
0 239170
0 238170
0 234170
0 232170
0 230170
0 229170
0 228170
0 227170
0 225170
0 222170
0 217170
0 212170
0 211170
0 209170
1 207170
0 206170
0 205170
1 204170
0 200170
0 199170
0 198170
0 197170
0 196170
0 194170
0 193170
0 191170
0 190170
0 189170
0 188170
0 187170
1 183170
1 182170
0 179170
0 175170
0 174170
0 173170
1 168170
0 167170
0 164170
0 162170
0 159170
0 158170
0 157170
0 156170
0 155170
0 154170
0 153170
0 152170
0 151170
0 148170
0 146170
0 145170
0 144170
0 142170
0 141170
0 140170
0 139170
0 138170
1 136170
0 134170
0 132170
0 131170
0 130170
0 129170
0 128170
1 121170
1 120170
1 119170
1 118170
0 114170
0 112170
0 111170
0 109170
0 107170
0 106170
0 103170
0 98170
0 97170
0 96170
0 95170
0 93170
0 91170
0 89170
0 88170
0 87170
0 85170
0 82170
1 78170
0 77170
0 76170
1 75170
0 73170
0 72170
0 70170
0 68170
0 60170
0 57170
0 55170
0 54170
0 53170
0 52170
0 51170
0 50170
0 49170
0 47170
0 46170
0 45170
0 41170
0 37170
0 35170
0 34170
0 33170
0 32170
0 29170
0 26170
0 24170
0 23170
0 22170
1 21170
0 18170
0 17170
0 16170
0 15170
0 14170
0 13170
0 12170
0 11170
0 10170
0 8170
0 7170
0 4170
0 3170
0 2170