2 5280025
2 5279025
2 5278025
2 5277025
2 5276025
2 5275025
5 5274025
5 5273025
2 5272025
5 5271025
5 5270025
5 5269025
5 5268025
3 5266025
5 5264025
0 5263025
5 5262025
4 5261025
3 5260025
5 5258025
5 5257025
5 5256025
4 5254025
0 5253025
5 5252025
5 5251025
0 5250025
2 5247025
0 5246025
4 5245025
5 5244025
5 5243025
0 5241025
1 5240025
0 5239025
0 5237025
2 5236025
0 5235025
0 5234025
4 5232025
0 5230025
1 5225025
5 5224025
0 5223025
2 5220025
2 5219025
0 5217025
0 5214025
4 5211025
4 5206025
0 5205025
4 5204025
4 5202025
4 5201025
0 5200025
0 5199025
0 5198025
1 5196025
0 5195025
0 5194025
4 5192025
0 5189025
0 5188025
0 5187025
0 5186025
0 5184025
4 5183025
4 5182025
0 5181025
0 5176025
0 5175025
0 5174025
0 5173025
0 5172025
0 5171025
0 5169025
0 5168025
0 5167025
0 5166025
0 5165025
0 5164025
0 5163025
0 5162025
0 5161025
0 5160025
0 5159025
0 5158025
0 5156025
0 5153025
5 5152025
0 5151025
0 5150025
0 5149025
0 5148025
0 5147025
0 5146025
0 5145025
0 5144025
0 5143025
0 5142025
0 5141025
0 5140025
0 5137025
0 5135025
0 5130025
0 5129025
0 5127025
0 5125025
0 5124025
0 5123025
0 5121025
0 5118025
0 5117025
0 5114025
0 5112025
0 5111025
0 5110025
0 5109025
0 5105025
0 5103025
0 5102025
0 5101025
0 5099025
0 5097025
0 5096025
0 5095025
1 5093025
1 5092025
1 5091025
1 5089025
0 5086025
0 5085025
0 5084025
0 5083025
0 5082025
0 5081025
0 5080025
0 5077025
0 5076025
0 5075025
0 5074025
0 5073025
0 5072025
0 5071025
0 5070025
0 5069025
0 5068025
0 5067025
0 5066025
0 5065025
0 5064025
0 5063025
0 5062025
0 5061025
0 5060025
0 5059025
0 5058025
0 5057025
0 5056025
0 5055025
0 5053025
0 5052025
0 5051025
0 5050025
0 5047025
0 5044025
0 5043025
0 5042025
0 5041025
0 5040025
0 5038025
0 5037025
0 5036025
0 5033025
0 5032025
0 5031025
0 5030025
0 5029025
0 5027025
0 5026025
0 5025025
0 5024025
0 5022025
0 5021025
0 5020025
0 5019025
0 5018025
0 5017025
0 5016025
0 5015025
0 5014025
0 5013025
0 5012025
0 5011025
0 5010025
0 5009025
0 5006025
0 5005025
0 5004025
0 5003025
0 5002025
0 4999025
0 4998025
0 4997025
0 4996025
0 4993025
0 4992025
0 4991025
0 4990025
0 4989025
1 4986025
0 4985025
0 4983025
0 4982025
0 4981025
0 4980025
0 4979025
0 4978025
1 4977025
0 4975025
0 4974025
0 4973025
0 4972025
0 4971025
0 4970025
0 4969025
0 4968025
0 4967025
0 4965025
0 4964025
0 4963025
0 4962025
0 4961025
0 4959025
0 4957025
0 4956025
0 4955025
0 4954025
1 4951025
0 4950025
0 4948025
0 4947025
0 4945025
0 4944025
0 4943025
0 4933025
0 4932025
0 4931025
0 4930025
0 4929025
0 4928025
0 4927025
0 4925025
0 4924025
0 4921025
0 4920025
0 4918025
0 4913025
0 4912025
0 4911025
0 4909025
0 4908025
0 4907025
0 4906025
0 4905025
0 4903025
0 4902025
0 4901025
0 4900025
0 4898025
0 4897025
0 4896025
0 4895025
0 4894025
0 4893025
0 4892025
0 4891025
0 4890025
0 4888025
0 4887025
0 4886025
0 4885025
0 4884025
0 4883025
1 4882025
0 4881025
0 4880025
0 4878025
0 4877025
0 4875025
0 4874025
0 4873025
0 4872025
0 4871025
0 4870025
0 4869025
0 4868025
0 4867025
0 4866025
0 4863025
0 4862025
0 4861025
0 4860025
0 4859025
0 4857025
0 4856025
0 4854025
0 4853025
0 4851025
0 4849025
0 4847025
0 4845025
0 4841025
0 4840025
0 4838025
0 4837025
0 4836025
0 4835025
0 4834025
0 4833025
0 4832025
0 4831025
0 4826025
0 4824025
0 4822025
0 4821025
0 4819025
0 4818025
0 4816025
0 4813025
0 4812025
0 4811025
0 4810025
0 4809025
0 4808025
0 4804025
0 4803025
0 4802025
0 4799025
0 4798025
0 4797025
0 4796025
0 4795025
0 4794025
0 4793025
0 4792025
0 4789025
0 4785025
0 4784025
0 4783025
0 4782025
0 4781025
0 4780025
0 4778025
0 4777025
0 4776025
1 4774025
0 4771025
0 4769025
0 4767025
0 4766025
0 4765025
0 4764025
0 4763025
0 4762025
0 4761025
0 4760025
0 4759025
0 4758025
0 4757025
0 4756025
0 4755025
0 4754025
0 4753025
0 4750025
0 4749025
0 4747025
0 4746025
0 4745025
0 4744025
0 4743025
0 4742025
0 4741025
0 4740025
0 4739025
0 4738025
0 4737025
0 4736025
0 4735025
0 4734025
0 4733025
0 4732025
0 4731025
0 4730025
0 4728025
0 4727025
0 4726025
0 4725025
0 4724025
0 4723025
0 4719025
0 4718025
0 4716025
0 4715025
0 4714025
0 4713025
0 4711025
0 4710025
0 4709025
0 4708025
0 4707025
0 4706025
1 4705025
0 4704025
0 4703025
0 4702025
0 4701025
0 4697025
0 4696025
0 4695025
0 4694025
0 4693025
0 4692025
0 4691025
0 4689025
0 4688025
0 4687025
0 4686025
0 4684025
0 4682025
0 4681025
1 4679025
0 4678025
0 4677025
0 4675025
0 4673025
0 4672025
0 4670025
0 4669025
0 4668025
0 4667025
0 4666025
0 4665025
0 4663025
0 4661025
1 4660025
1 4658025
0 4654025
0 4653025
0 4652025
0 4651025
0 4650025
0 4649025
0 4648025
0 4647025
0 4646025
0 4645025
0 4644025
0 4643025
0 4642025
0 4641025
0 4640025
0 4639025
0 4638025
0 4637025
0 4636025
0 4635025
0 4634025
0 4633025
0 4632025
0 4631025
0 4630025
0 4625025
1 4623025
0 4620025
0 4618025
0 4617025
0 4616025
0 4615025
1 4614025
0 4609025
0 4608025
0 4607025
0 4606025
0 4605025
0 4604025
0 4602025
0 4601025
0 4600025
0 4599025
0 4597025
0 4596025
0 4595025
0 4594025
0 4593025
0 4591025
0 4590025
0 4589025
0 4587025
0 4586025
0 4585025
0 4584025
0 4583025
0 4582025
1 4581025
0 4580025
0 4579025
0 4578025
0 4577025
0 4576025
0 4575025
0 4574025
0 4573025
0 4571025
0 4569025
0 4567025
0 4566025
0 4565025
1 4560025
1 4559025
0 4556025
0 4555025
0 4554025
0 4553025
0 4552025
0 4551025
0 4550025
0 4549025
0 4548025
0 4547025
0 4546025
0 4544025
0 4543025
0 4539025
0 4538025
0 4537025
0 4536025
0 4535025
0 4534025
0 4533025
0 4532025
0 4529025
0 4528025
0 4527025
0 4526025
0 4525025
0 4524025
0 4523025
0 4522025
0 4521025
0 4519025
0 4518025
0 4517025
0 4515025
0 4514025
0 4513025
0 4512025
0 4511025
0 4510025
0 4509025
0 4507025
0 4506025
0 4505025
0 4504025
0 4503025
0 4502025
0 4501025
0 4500025
0 4498025
0 4497025
0 4496025
0 4494025
0 4493025
0 4492025
0 4490025
0 4489025
0 4488025
0 4486025
0 4481025
0 4480025
0 4479025
0 4478025
0 4477025
0 4476025
0 4474025
0 4473025
0 4472025
0 4471025
0 4470025
0 4469025
0 4467025
0 4466025
0 4465025
0 4463025
0 4462025
0 4461025
0 4460025
0 4459025
0 4455025
0 4454025
1 4452025
0 4451025
0 4450025
0 4449025
0 4448025
0 4447025
0 4445025
0 4444025
0 4443025
0 4442025
0 4441025
0 4438025
0 4437025
0 4436025
0 4435025
0 4434025
0 4433025
0 4432025
0 4431025
0 4430025
0 4428025
0 4427025
0 4426025
0 4425025
0 4424025
0 4423025
0 4421025
0 4419025
0 4418025
0 4415025
0 4414025
0 4413025
0 4412025
0 4411025
0 4409025
0 4408025
0 4407025
0 4406025
0 4405025
0 4402025
0 4401025
0 4400025
0 4399025
0 4398025
0 4397025
0 4395025
0 4394025
0 4393025
0 4392025
0 4391025
0 4390025
0 4389025
0 4388025
0 4387025
0 4386025
0 4385025
0 4384025
0 4382025
0 4381025
0 4380025
0 4379025
0 4378025
0 4377025
0 4374025
0 4373025
0 4372025
0 4371025
0 4367025
0 4366025
0 4365025
0 4364025
0 4362025
0 4359025
0 4356025
0 4355025
0 4354025
0 4353025
0 4352025
0 4350025
0 4349025
0 4348025
0 4347025
0 4345025
0 4344025
0 4343025
0 4342025
0 4340025
0 4338025
0 4335025
0 4334025
0 4333025
0 4329025
0 4327025
0 4326025
0 4325025
0 4324025
0 4323025
0 4322025
0 4321025
0 4320025
0 4318025
0 4317025
0 4316025
0 4315025
0 4314025
0 4312025
0 4311025
0 4310025
0 4309025
0 4307025
0 4306025
0 4304025
0 4303025
0 4302025
0 4301025
0 4300025
0 4298025
0 4297025
0 4296025
0 4295025
0 4293025
0 4291025
0 4290025
0 4289025
0 4288025
0 4287025
0 4285025
0 4284025
0 4283025
1 4282025
1 4281025
0 4280025
0 4278025
0 4277025
0 4274025
0 4273025
0 4272025
0 4270025
0 4269025
0 4268025
0 4267025
0 4266025
0 4265025
0 4264025
0 4263025
0 4261025
0 4260025
0 4259025
0 4256025
0 4255025
0 4254025
0 4253025
0 4252025
0 4251025
0 4249025
0 4248025
0 4247025
0 4246025
0 4245025
0 4244025
0 4243025
0 4242025
0 4240025
0 4239025
0 4238025
1 4235025
0 4234025
0 4233025
0 4232025
0 4230025
0 4229025
0 4228025
0 4227025
0 4226025
0 4225025
0 4224025
0 4223025
0 4222025
0 4220025
0 4219025
0 4218025
0 4217025
0 4216025
0 4215025
0 4213025
0 4210025
0 4209025
0 4208025
0 4207025
0 4205025
0 4204025
0 4203025
0 4202025
0 4201025
0 4200025
0 4199025
0 4198025
0 4196025
0 4195025
0 4194025
0 4193025
0 4192025
0 4190025
0 4189025
0 4188025
0 4187025
0 4186025
0 4185025
0 4184025
0 4183025
0 4182025
0 4181025
0 4180025
0 4179025
0 4178025
0 4177025
0 4176025
0 4174025
0 4172025
0 4169025
0 4168025
0 4167025
0 4166025
0 4165025
0 4164025
0 4163025
0 4162025
0 4159025
0 4158025
4 4157025
0 4154025
0 4153025
0 4152025
0 4151025
0 4150025
0 4149025
0 4147025
0 4146025
0 4145025
0 4144025
0 4143025
0 4142025
0 4141025
0 4139025
0 4137025
0 4134025
0 4133025
0 4132025
0 4131025
0 4130025
0 4129025
0 4128025
0 4127025
0 4126025
0 4125025
0 4124025
0 4123025
0 4122025
0 4121025
1 4120025
0 4119025
0 4117025
0 4116025
0 4115025
0 4114025
0 4111025
0 4110025
0 4108025
0 4107025
0 4106025
0 4105025
0 4104025
0 4103025
0 4102025
0 4101025
0 4100025
0 4099025
0 4098025
0 4096025
0 4095025
0 4094025
0 4092025
0 4090025
0 4089025
0 4086025
0 4085025
0 4083025
0 4082025
0 4081025
0 4080025
0 4079025
0 4078025
0 4077025
0 4076025
0 4075025
0 4074025
0 4073025
0 4072025
0 4071025
0 4069025
0 4068025
0 4065025
0 4064025
0 4063025
0 4062025
0 4061025
0 4058025
0 4056025
0 4055025
0 4053025
0 4052025
0 4050025
0 4049025
0 4047025
0 4046025
0 4045025
0 4043025
0 4042025
0 4041025
0 4040025
0 4039025
0 4037025
0 4036025
0 4035025
0 4034025
0 4033025
0 4032025
0 4031025
0 4030025
0 4029025
0 4028025
0 4027025
0 4026025
0 4025025
0 4024025
0 4023025
0 4022025
0 4021025
0 4019025
0 4018025
0 4015025
0 4014025
0 4012025
0 4009025
0 4008025
0 4007025
0 4006025
0 4005025
0 3996025
0 3995025
0 3994025
0 3993025
0 3992025
0 3991025
0 3990025
0 3989025
0 3988025
0 3987025
0 3986025
0 3985025
0 3984025
0 3983025
0 3982025
0 3981025
0 3980025
0 3979025
0 3978025
0 3977025
0 3976025
0 3975025
0 3974025
0 3972025
0 3971025
0 3970025
0 3969025
0 3968025
0 3966025
0 3965025
0 3964025
0 3963025
0 3962025
0 3961025
0 3960025
0 3959025
0 3958025
0 3957025
0 3956025
0 3955025
0 3954025
0 3953025
0 3951025
0 3950025
0 3949025
0 3948025
0 3946025
0 3945025
0 3944025
0 3943025
0 3942025
0 3940025
0 3939025
0 3938025
1 3937025
0 3935025
0 3934025
0 3933025
0 3932025
0 3929025
0 3928025
0 3927025
0 3926025
0 3924025
0 3923025
0 3922025
0 3920025
0 3919025
0 3918025
0 3916025
0 3915025
0 3914025
0 3913025
0 3912025
0 3911025
0 3910025
0 3909025
0 3908025
0 3907025
0 3906025
0 3905025
0 3904025
0 3901025
0 3900025
0 3898025
1 3897025
1 3896025
1 3894025
0 3893025
0 3892025
0 3891025
0 3889025
0 3888025
0 3887025
0 3886025
0 3885025
0 3884025
0 3883025
0 3882025
0 3881025
0 3879025
0 3877025
0 3876025
0 3875025
0 3874025
0 3873025
0 3871025
0 3870025
0 3868025
0 3866025
0 3865025
0 3864025
0 3863025
0 3862025
0 3861025
0 3860025
0 3858025
0 3857025
0 3856025
0 3855025
0 3854025
0 3853025
0 3851025
0 3847025
0 3846025
0 3845025
0 3844025
0 3843025
0 3841025
0 3840025
0 3836025
1 3835025
0 3833025
0 3830025
0 3829025
0 3827025
0 3826025
0 3824025
0 3821025
0 3819025
0 3818025
0 3817025
0 3816025
0 3815025
0 3814025
0 3813025
0 3812025
0 3811025
0 3810025
0 3809025
0 3808025
0 3807025
0 3806025
0 3805025
0 3804025
0 3800025
0 3799025
0 3798025
0 3797025
0 3794025
0 3793025
0 3792025
0 3791025
0 3789025
0 3788025
0 3787025
0 3786025
0 3785025
0 3784025
0 3783025
0 3782025
0 3781025
0 3780025
0 3779025
0 3777025
0 3776025
0 3775025
0 3773025
0 3772025
0 3771025
0 3770025
0 3769025
0 3768025
0 3767025
0 3766025
0 3765025
0 3764025
0 3763025
0 3761025
0 3760025
0 3759025
0 3758025
0 3757025
0 3756025
0 3755025
0 3754025
0 3753025
0 3752025
0 3751025
0 3749025
0 3744025
0 3743025
0 3742025
0 3740025
0 3739025
0 3737025
0 3736025
0 3735025
0 3733025
0 3731025
0 3730025
0 3729025
0 3728025
0 3726025
0 3725025
0 3722025
1 3721025
0 3720025
0 3719025
0 3718025
0 3717025
0 3716025
0 3714025
0 3713025
0 3712025
0 3710025
0 3707025
0 3705025
0 3704025
0 3703025
1 3702025
0 3701025
0 3697025
0 3695025
1 3694025
0 3692025
0 3690025
0 3688025
0 3687025
0 3686025
0 3685025
0 3684025
0 3681025
0 3679025
0 3678025
0 3675025
0 3672025
0 3671025
0 3670025
0 3668025
0 3666025
0 3664025
0 3663025
0 3658025
0 3656025
0 3655025
0 3654025
0 3652025
0 3651025
0 3647025
0 3646025
0 3642025
0 3640025
0 3638025
0 3637025
0 3636025
0 3635025
0 3634025
0 3632025
0 3631025
0 3628025
0 3626025
0 3624025
0 3623025
0 3622025
0 3621025
0 3620025
0 3619025
0 3618025
0 3615025
0 3614025
0 3613025
0 3612025
0 3611025
0 3610025
0 3609025
0 3608025
1 3604025
0 3602025
0 3600025
0 3599025
0 3597025
0 3596025
0 3593025
0 3592025
0 3591025
0 3589025
0 3588025
0 3586025
0 3585025
0 3583025
0 3581025
0 3580025
0 3579025
0 3575025
1 3574025
0 3572025
0 3571025
0 3570025
0 3567025
0 3564025
0 3562025
0 3561025
0 3560025
0 3559025
0 3558025
0 3557025
0 3555025
0 3552025
0 3551025
0 3548025
0 3547025
0 3546025
1 3543025
0 3541025
0 3540025
0 3538025
0 3536025
0 3534025
0 3530025
0 3529025
0 3528025
0 3525025
0 3523025
0 3516025
0 3515025
0 3514025
0 3510025
0 3508025
0 3507025
0 3506025
0 3505025
0 3504025
0 3503025
0 3502025
0 3501025
0 3500025
0 3499025
0 3498025
0 3496025
0 3495025
0 3494025
0 3493025
0 3492025
0 3491025
0 3490025
0 3489025
0 3488025
0 3487025
0 3482025
0 3480025
0 3478025
0 3476025
0 3475025
0 3474025
0 3472025
0 3470025
0 3468025
0 3467025
0 3464025
0 3463025
0 3462025
0 3461025
0 3460025
0 3459025
0 3458025
0 3457025
0 3456025
0 3453025
1 3452025
0 3451025
0 3450025
0 3449025
0 3448025
0 3447025
0 3446025
1 3445025
0 3443025
0 3442025
0 3441025
0 3440025
0 3439025
0 3438025
0 3436025
0 3434025
0 3433025
0 3432025
0 3431025
0 3430025
0 3429025
0 3428025
0 3427025
0 3426025
0 3425025
0 3424025
0 3422025
0 3421025
0 3420025
0 3418025
0 3417025
0 3416025
0 3414025
0 3412025
0 3410025
0 3408025
0 3403025
0 3402025
0 3401025
0 3400025
0 3398025
0 3395025
0 3394025
0 3393025
0 3392025
0 3391025
0 3390025
0 3387025
0 3386025
0 3385025
0 3384025
0 3383025
0 3382025
0 3381025
0 3380025
0 3379025
0 3377025
0 3376025
0 3375025
0 3374025
0 3373025
0 3372025
0 3371025
0 3370025
0 3369025
0 3368025
0 3366025
0 3365025
0 3362025
0 3359025
0 3358025
0 3356025
0 3353025
0 3352025
1 3351025
0 3349025
0 3347025
0 3346025
0 3345025
0 3344025
0 3343025
0 3342025
0 3340025
1 3339025
0 3338025
0 3337025
0 3334025
0 3333025
0 3332025
0 3330025
0 3329025
0 3328025
0 3327025
0 3326025
0 3325025
0 3324025
0 3323025
0 3322025
0 3321025
0 3320025
0 3319025
0 3318025
0 3315025
0 3311025
0 3309025
0 3307025
0 3306025
0 3305025
0 3303025
0 3302025
0 3301025
0 3298025
0 3297025
0 3296025
0 3295025
0 3293025
0 3292025
0 3287025
0 3286025
0 3285025
0 3284025
0 3281025
0 3280025
1 3278025
0 3276025
0 3274025
0 3273025
0 3272025
0 3271025
1 3269025
0 3268025
0 3266025
0 3265025
0 3263025
0 3259025
0 3258025
0 3254025
0 3253025
0 3251025
0 3250025
0 3249025
0 3248025
0 3247025
0 3246025
0 3244025
0 3243025
0 3241025
0 3239025
0 3238025
0 3237025
0 3234025
0 3230025
0 3229025
0 3228025
0 3227025
0 3225025
0 3224025
0 3222025
0 3221025
0 3220025
0 3219025
0 3218025
0 3217025
0 3216025
0 3213025
0 3212025
0 3211025
0 3210025
0 3208025
0 3207025
0 3206025
0 3205025
0 3204025
0 3203025
0 3202025
0 3201025
0 3197025
0 3194025
0 3193025
0 3192025
0 3191025
0 3190025
0 3189025
0 3188025
0 3187025
0 3186025
0 3185025
0 3184025
0 3183025
0 3181025
0 3180025
0 3179025
0 3178025
0 3176025
0 3175025
0 3174025
0 3173025
0 3172025
0 3171025
0 3168025
0 3165025
0 3164025
1 3159025
0 3158025
0 3157025
0 3156025
0 3153025
0 3150025
0 3147025
0 3145025
0 3144025
0 3143025
0 3142025
0 3140025
0 3139025
0 3136025
0 3135025
0 3134025
0 3131025
0 3129025
0 3128025
0 3127025
0 3126025
0 3125025
1 3124025
0 3123025
0 3121025
1 3120025
0 3119025
1 3117025
0 3116025
0 3112025
0 3111025
0 3110025
0 3109025
0 3108025
0 3107025
0 3106025
0 3105025
0 3104025
0 3095025
0 3094025
0 3093025
0 3092025
0 3089025
0 3088025
0 3087025
0 3086025
0 3085025
0 3084025
0 3083025
0 3082025
0 3081025
0 3078025
0 3075025
0 3074025
1 3073025
0 3072025
0 3071025
0 3070025
0 3069025
0 3068025
0 3067025
0 3066025
0 3064025
0 3063025
0 3062025
0 3061025
0 3060025
0 3059025
0 3055025
0 3053025
0 3052025
0 3051025
0 3049025
0 3048025
1 3047025
0 3046025
0 3044025
0 3043025
0 3042025
0 3041025
0 3040025
0 3037025
0 3036025
0 3032025
0 3031025
0 3030025
0 3029025
0 3028025
0 3027025
0 3026025
0 3025025
0 3024025
0 3022025
0 3021025
0 3020025
0 3019025
0 3018025
0 3017025
0 3016025
0 3015025
0 3014025
0 3013025
0 3011025
0 3009025
0 3008025
0 3007025
0 3006025
0 3005025
0 3004025
0 3003025
0 3002025
0 3001025
0 3000025
0 2998025
0 2996025
0 2995025
0 2991025
0 2990025
0 2989025
0 2988025
0 2985025
0 2984025
0 2982025
0 2981025
0 2980025
1 2979025
0 2978025
0 2977025
0 2976025
0 2975025
0 2973025
0 2971025
0 2970025
0 2969025
0 2968025
0 2967025
0 2966025
0 2965025
0 2964025
0 2962025
0 2961025
0 2960025
0 2959025
0 2957025
0 2956025
0 2955025
0 2953025
0 2951025
0 2950025
0 2949025
1 2948025
0 2946025
0 2945025
0 2944025
0 2943025
0 2940025
0 2939025
0 2938025
0 2936025
0 2935025
0 2934025
0 2932025
0 2927025
0 2926025
0 2925025
0 2924025
0 2923025
1 2922025
1 2921025
0 2920025
0 2919025
0 2918025
0 2915025
0 2914025
0 2913025
0 2912025
0 2911025
0 2910025
0 2909025
0 2908025
0 2907025
0 2906025
0 2905025
0 2904025
0 2903025
0 2901025
0 2900025
1 2899025
0 2898025
0 2897025
0 2896025
0 2895025
0 2894025
0 2893025
0 2892025
0 2886025
0 2885025
0 2884025
0 2883025
0 2882025
0 2881025
0 2880025
0 2879025
0 2878025
0 2877025
0 2876025
0 2875025
0 2874025
0 2873025
0 2871025
0 2870025
0 2869025
0 2866025
0 2865025
0 2864025
0 2863025
0 2862025
0 2861025
0 2860025
0 2859025
0 2856025
1 2848025
0 2847025
0 2846025
0 2844025
0 2843025
0 2842025
0 2841025
0 2840025
0 2839025
0 2836025
0 2835025
1 2834025
0 2831025
0 2829025
0 2828025
0 2827025
0 2826025
0 2824025
0 2823025
0 2822025
0 2821025
0 2820025
1 2819025
0 2818025
0 2817025
0 2815025
0 2814025
0 2811025
0 2807025
0 2806025
0 2805025
0 2803025
0 2802025
0 2801025
0 2800025
0 2799025
0 2798025
0 2797025
0 2796025
0 2795025
0 2794025
0 2793025
0 2792025
0 2791025
0 2790025
0 2789025
0 2788025
0 2787025
0 2785025
0 2783025
0 2782025
0 2779025
0 2778025
0 2777025
0 2776025
0 2775025
0 2774025
0 2773025
0 2771025
0 2770025
0 2769025
0 2768025
0 2767025
0 2766025
0 2765025
0 2763025
0 2762025
0 2760025
0 2759025
0 2758025
0 2756025
0 2755025
0 2754025
0 2753025
1 2752025
0 2750025
0 2749025
0 2748025
0 2747025
0 2746025
0 2744025
0 2743025
0 2742025
0 2741025
0 2740025
0 2738025
0 2736025
0 2733025
0 2732025
0 2730025
0 2729025
0 2728025
0 2727025
0 2726025
0 2725025
0 2724025
0 2723025
0 2720025
0 2719025
0 2716025
0 2714025
0 2712025
0 2711025
0 2710025
0 2708025
0 2707025
0 2706025
0 2705025
0 2704025
0 2701025
0 2700025
0 2699025
0 2698025
0 2697025
0 2695025
0 2694025
0 2691025
0 2690025
0 2689025
0 2688025
0 2687025
0 2686025
0 2685025
0 2682025
0 2679025
0 2676025
0 2675025
0 2673025
0 2672025
0 2671025
0 2670025
0 2668025
0 2666025
0 2665025
0 2664025
0 2663025
0 2662025
0 2661025
0 2658025
1 2656025
1 2654025
0 2653025
0 2651025
0 2646025
0 2645025
0 2644025
0 2643025
0 2642025
0 2641025
0 2638025
0 2637025
0 2636025
0 2635025
1 2634025
0 2632025
0 2631025
0 2628025
0 2626025
0 2625025
0 2624025
0 2623025
0 2622025
0 2621025
0 2619025
0 2617025
0 2616025
0 2615025
0 2613025
0 2612025
0 2610025
0 2609025
0 2605025
0 2603025
0 2602025
0 2601025
0 2600025
0 2599025
0 2598025
1 2596025
0 2594025
0 2593025
0 2592025
0 2591025
0 2590025
0 2589025
0 2588025
0 2586025
0 2584025
0 2583025
0 2582025
0 2581025
1 2578025
0 2577025
0 2576025
0 2575025
0 2574025
0 2573025
0 2570025
0 2569025
0 2566025
0 2564025
0 2563025
0 2559025
0 2558025
0 2557025
0 2556025
0 2555025
0 2553025
0 2551025
0 2550025
0 2549025
0 2548025
0 2543025
0 2542025
0 2541025
0 2539025
0 2538025
0 2537025
0 2536025
0 2535025
0 2533025
0 2530025
0 2526025
0 2525025
0 2524025
0 2523025
0 2521025
0 2519025
0 2517025
0 2515025
0 2514025
0 2512025
0 2511025
0 2508025
0 2505025
1 2502025
0 2498025
0 2497025
0 2495025
0 2492025
0 2491025
0 2488025
0 2486025
0 2484025
0 2483025
0 2482025
0 2475025
0 2473025
0 2472025
0 2470025
0 2468025
0 2467025
0 2466025
1 2465025
0 2464025
0 2462025
0 2459025
0 2458025
0 2457025
0 2456025
0 2455025
0 2454025
0 2450025
0 2449025
0 2445025
0 2444025
0 2443025
0 2442025
0 2441025
0 2439025
1 2437025
0 2436025
0 2435025
0 2434025
0 2433025
0 2428025
0 2425025
0 2424025
0 2423025
0 2422025
1 2421025
0 2419025
0 2418025
0 2417025
0 2416025
0 2414025
0 2413025
0 2412025
0 2411025
0 2410025
0 2409025
0 2407025
0 2405025
0 2404025
0 2399025
0 2398025
0 2397025
0 2396025
0 2395025
0 2394025
0 2392025
0 2389025
0 2388025
0 2386025
0 2385025
0 2383025
0 2382025
0 2380025
0 2379025
0 2378025
0 2376025
0 2375025
0 2373025
0 2372025
0 2371025
0 2367025
0 2360025
0 2359025
0 2358025
0 2357025
0 2354025
0 2352025
0 2351025
0 2350025
0 2349025
0 2348025
0 2347025
0 2345025
0 2344025
0 2342025
0 2341025
0 2339025
0 2338025
0 2336025
0 2335025
0 2333025
0 2330025
0 2329025
0 2328025
0 2327025
0 2326025
1 2325025
0 2324025
0 2323025
0 2322025
0 2321025
0 2320025
0 2319025
0 2318025
0 2315025
0 2313025
0 2310025
0 2308025
0 2307025
0 2306025
0 2305025
0 2304025
0 2302025
0 2301025
0 2300025
0 2299025
0 2298025
0 2297025
0 2295025
0 2294025
0 2290025
0 2289025
0 2286025
1 2282025
0 2281025
0 2280025
0 2279025
0 2278025
0 2276025
0 2275025
0 2274025
0 2273025
0 2272025
0 2271025
0 2270025
0 2269025
0 2267025
0 2266025
1 2265025
0 2264025
0 2263025
0 2262025
0 2261025
0 2260025
0 2259025
0 2258025
1 2256025
0 2253025
0 2252025
0 2250025
0 2249025
0 2248025
0 2247025
1 2245025
0 2244025
0 2243025
0 2241025
0 2240025
1 2238025
0 2237025
0 2235025
0 2234025
0 2233025
0 2231025
0 2229025
0 2227025
0 2226025
1 2225025
0 2224025
0 2223025
0 2220025
0 2219025
0 2218025
0 2217025
0 2216025
0 2215025
0 2213025
0 2212025
0 2211025
0 2210025
0 2207025
0 2206025
0 2204025
0 2203025
0 2202025
0 2200025
0 2198025
0 2196025
0 2195025
0 2192025
0 2191025
0 2190025
0 2189025
0 2187025
0 2186025
0 2185025
0 2184025
1 2183025
1 2182025
0 2181025
0 2180025
0 2179025
0 2177025
0 2173025
0 2171025
0 2170025
0 2169025
0 2168025
1 2167025
0 2165025
0 2164025
0 2163025
0 2162025
0 2159025
0 2158025
0 2157025
0 2155025
0 2154025
0 2152025
0 2151025
0 2150025
0 2149025
0 2148025
0 2147025
0 2146025
0 2145025
0 2144025
0 2143025
0 2142025
0 2141025
0 2140025
0 2139025
0 2138025
0 2136025
0 2135025
0 2133025
0 2132025
0 2131025
0 2130025
0 2129025
0 2128025
0 2126025
0 2125025
0 2124025
0 2123025
0 2122025
0 2121025
0 2120025
0 2119025
0 2118025
0 2117025
0 2116025
0 2115025
0 2114025
0 2113025
0 2112025
0 2111025
0 2110025
0 2109025
0 2108025
0 2106025
0 2105025
0 2104025
1 2103025
0 2102025
0 2101025
0 2099025
0 2098025
0 2097025
0 2096025
0 2095025
0 2094025
0 2093025
0 2092025
0 2091025
0 2090025
0 2089025
0 2088025
0 2086025
0 2085025
0 2084025
0 2082025
0 2081025
0 2080025
0 2079025
0 2077025
0 2073025
1 2071025
0 2070025
1 2068025
0 2065025
0 2063025
0 2060025
0 2059025
0 2058025
0 2056025
0 2055025
0 2054025
1 2053025
0 2051025
0 2050025
0 2049025
1 2047025
0 2046025
0 2045025
0 2042025
0 2041025
0 2040025
0 2037025
0 2018025
0 2014025
0 2013025
1 2010025
0 2009025
0 2008025
0 2007025
0 2006025
0 2005025
0 2004025
0 2003025
0 2002025
1 2001025
1 2000025
0 1999025
0 1997025
0 1996025
0 1995025
0 1994025
0 1993025
0 1991025
0 1989025
0 1987025
0 1984025
0 1983025
0 1981025
0 1980025
1 1979025
0 1978025
0 1976025
0 1975025
0 1974025
0 1973025
0 1971025
0 1969025
0 1968025
0 1963025
1 1962025
0 1961025
0 1960025
0 1958025
0 1955025
0 1954025
0 1953025
0 1951025
0 1950025
0 1949025
0 1948025
0 1944025
1 1943025
0 1942025
0 1941025
0 1939025
1 1938025
0 1933025
0 1931025
0 1930025
1 1929025
0 1928025
0 1926025
0 1925025
0 1923025
0 1922025
0 1920025
0 1919025
0 1918025
0 1917025
0 1915025
0 1914025
0 1913025
0 1912025
0 1910025
0 1909025
0 1908025
0 1903025
0 1902025
0 1901025
0 1899025
0 1898025
0 1884025
0 1882025
0 1878025
1 1877025
0 1876025
0 1875025
0 1874025
0 1873025
0 1872025
0 1871025
0 1868025
1 1867025
0 1866025
0 1865025
1 1863025
1 1862025
0 1860025
0 1857025
0 1855025
0 1853025
0 1852025
0 1851025
1 1848025
0 1847025
0 1845025
0 1844025
0 1843025
0 1842025
0 1840025
0 1839025
0 1838025
0 1837025
0 1834025
0 1833025
0 1832025
0 1831025
0 1830025
0 1829025
0 1828025
0 1827025
0 1825025
0 1824025
0 1823025
0 1822025
0 1821025
0 1818025
0 1817025
0 1816025
0 1815025
0 1814025
0 1813025
0 1808025
0 1807025
0 1806025
0 1801025
0 1800025
0 1796025
0 1795025
0 1793025
1 1790025
0 1788025
0 1787025
0 1783025
0 1781025
0 1779025
0 1778025
0 1777025
0 1776025
0 1775025
0 1774025
0 1773025
0 1772025
0 1771025
0 1770025
0 1769025
0 1768025
0 1767025
0 1766025
0 1765025
0 1764025
0 1763025
0 1758025
0 1757025
0 1750025
0 1748025
0 1747025
1 1745025
0 1744025
0 1743025
0 1742025
0 1741025
1 1738025
0 1737025
0 1736025
0 1735025
0 1734025
0 1733025
0 1732025
0 1731025
0 1727025
0 1726025
0 1725025
0 1722025
0 1721025
0 1720025
0 1719025
0 1717025
0 1716025
0 1714025
0 1712025
0 1711025
0 1710025
0 1709025
0 1706025
0 1705025
0 1704025
0 1703025
0 1700025
0 1696025
0 1695025
0 1694025
0 1693025
1 1692025
0 1691025
0 1690025
0 1689025
0 1688025
0 1687025
0 1683025
0 1682025
0 1681025
0 1680025
0 1678025
0 1677025
0 1676025
0 1674025
0 1673025
0 1671025
0 1668025
0 1667025
0 1666025
0 1665025
0 1662025
0 1660025
0 1659025
0 1658025
0 1657025
0 1656025
0 1655025
0 1654025
0 1652025
0 1650025
0 1649025
0 1648025
0 1646025
0 1645025
0 1644025
0 1643025
0 1641025
0 1640025
0 1638025
0 1637025
0 1636025
0 1634025
0 1633025
1 1632025
0 1631025
1 1630025
0 1628025
0 1627025
0 1625025
0 1624025
0 1623025
0 1622025
0 1621025
0 1620025
0 1619025
0 1618025
0 1617025
0 1616025
1 1615025
0 1613025
0 1611025
0 1608025
0 1603025
0 1602025
0 1599025
0 1597025
0 1596025
0 1594025
0 1590025
0 1581025
0 1580025
0 1579025
0 1578025
0 1576025
0 1574025
0 1573025
0 1572025
0 1571025
0 1570025
0 1566025
0 1565025
0 1564025
0 1562025
0 1561025
0 1560025
0 1555025
0 1550025
0 1549025
0 1548025
0 1547025
0 1546025
0 1545025
0 1544025
0 1541025
0 1538025
0 1537025
0 1536025
0 1532025
0 1531025
0 1530025
1 1529025
0 1528025
0 1527025
0 1525025
0 1523025
0 1522025
0 1519025
0 1518025
0 1517025
0 1516025
0 1515025
0 1508025
0 1507025
0 1506025
0 1505025
0 1504025
0 1503025
0 1502025
0 1501025
0 1499025
0 1498025
1 1497025
0 1496025
0 1494025
0 1493025
0 1492025
0 1490025
0 1489025
0 1481025
0 1479025
0 1475025
0 1474025
0 1473025
0 1472025
0 1470025
0 1469025
0 1468025
0 1466025
0 1465025
0 1464025
0 1463025
0 1462025
0 1461025
0 1460025
0 1459025
0 1458025
0 1457025
0 1456025
0 1455025
0 1454025
0 1453025
0 1452025
0 1451025
0 1450025
0 1448025
0 1447025
0 1446025
0 1445025
0 1444025
0 1443025
0 1442025
0 1441025
0 1440025
0 1439025
0 1438025
0 1437025
0 1436025
0 1435025
0 1434025
0 1433025
0 1432025
0 1431025
0 1430025
0 1428025
0 1426025
0 1425025
0 1423025
0 1421025
0 1420025
0 1419025
0 1417025
0 1416025
0 1415025
0 1413025
0 1411025
0 1410025
0 1409025
0 1408025
0 1407025
0 1406025
0 1404025
0 1403025
0 1401025
0 1400025
0 1399025
0 1398025
0 1393025
0 1392025
0 1391025
0 1389025
0 1387025
0 1386025
0 1385025
0 1384025
0 1382025
0 1381025
0 1379025
0 1378025
0 1377025
0 1376025
1 1375025
0 1374025
0 1373025
0 1372025
0 1371025
0 1370025
0 1369025
1 1368025
0 1362025
0 1361025
0 1360025
0 1359025
0 1358025
0 1356025
0 1355025
0 1354025
1 1353025
0 1352025
0 1348025
0 1345025
0 1344025
0 1343025
0 1342025
0 1341025
0 1340025
0 1339025
0 1338025
0 1337025
0 1336025
0 1332025
0 1331025
0 1329025
0 1328025
0 1326025
1 1325025
0 1324025
0 1323025
0 1322025
0 1321025
0 1320025
0 1315025
0 1314025
0 1313025
0 1312025
0 1310025
0 1306025
0 1305025
1 1301025
0 1300025
0 1299025
0 1298025
0 1297025
1 1295025
0 1292025
1 1286025
0 1285025
1 1280025
0 1279025
0 1278025
0 1276025
0 1275025
0 1274025
1 1270025
0 1269025
1 1267025
0 1266025
0 1262025
0 1261025
0 1259025
0 1256025
0 1255025
0 1254025
0 1250025
0 1248025
0 1247025
0 1246025
0 1244025
0 1243025
0 1241025
0 1240025
0 1239025
0 1238025
0 1237025
1 1236025
0 1234025
0 1231025
0 1229025
0 1228025
1 1227025
0 1225025
0 1221025
0 1220025
1 1218025
0 1217025
0 1216025
0 1212025
0 1210025
0 1209025
0 1208025
0 1205025
0 1204025
0 1201025
0 1200025
0 1199025
0 1198025
0 1197025
0 1196025
0 1191025
0 1189025
0 1188025
0 1186025
0 1184025
0 1180025
0 1179025
0 1178025
0 1177025
0 1174025
0 1173025
0 1172025
0 1171025
0 1169025
0 1168025
0 1162025
0 1160025
0 1159025
0 1158025
0 1157025
0 1155025
0 1153025
0 1152025
0 1151025
0 1150025
0 1149025
0 1148025
0 1147025
0 1146025
0 1145025
1 1143025
0 1142025
0 1136025
0 1135025
0 1134025
0 1132025
0 1130025
1 1128025
0 1127025
0 1126025
0 1124025
0 1122025
0 1121025
0 1120025
0 1119025
0 1118025
0 1117025
0 1116025
0 1115025
0 1112025
0 1111025
0 1109025
0 1107025
0 1105025
1 1104025
0 1103025
0 1101025
0 1098025
0 1096025
0 1095025
0 1093025
0 1091025
0 1090025
0 1089025
0 1086025
0 1083025
0 1082025
0 1081025
1 1080025
0 1079025
1 1078025
0 1077025
0 1076025
0 1075025
0 1073025
0 1072025
0 1071025
0 1070025
0 1069025
0 1068025
0 1065025
0 1064025
0 1063025
0 1062025
0 1060025
0 1058025
0 1057025
0 1056025
0 1055025
0 1053025
0 1052025
0 1051025
0 1049025
0 1048025
0 1047025
0 1045025
0 1044025
0 1043025
0 1042025
0 1041025
0 1040025
0 1036025
0 1034025
0 1031025
0 1030025
0 1029025
0 1028025
0 1027025
0 1026025
0 1025025
0 1024025
0 1023025
0 1022025
0 1021025
0 1020025
0 1019025
0 1017025
0 1016025
1 1015025
0 1013025
0 1012025
0 1011025
0 1010025
0 1009025
0 1008025
0 1005025
1 1004025
0 1003025
0 1002025
0 1000025
1 999025
0 998025
0 997025
0 994025
0 993025
0 992025
0 988025
0 987025
0 986025
0 985025
1 981025
0 980025
1 979025
0 978025
1 977025
1 976025
0 974025
0 972025
0 968025
1 965025
0 964025
0 962025
0 961025
0 959025
0 956025
0 955025
0 954025
0 952025
0 951025
0 950025
0 949025
0 948025
0 946025
0 945025
1 940025
0 939025
0 937025
0 936025
0 934025
1 931025
0 928025
0 927025
0 925025
0 924025
0 923025
0 922025
0 921025
0 920025
0 919025
1 917025
0 916025
0 914025
0 913025
0 912025
0 911025
0 910025
0 909025
0 908025
0 905025
0 904025
1 903025
0 901025
0 900025
0 897025
0 895025
0 893025
0 892025
0 890025
0 889025
0 887025
0 886025
1 885025
0 884025
0 882025
0 879025
0 878025
0 877025
0 876025
0 875025
0 872025
0 871025
0 870025
0 869025
0 868025
1 865025
0 860025
0 859025
0 858025
0 857025
0 855025
0 853025
0 852025
1 851025
0 849025
0 848025
0 847025
0 846025
0 843025
0 840025
0 839025
0 838025
0 837025
0 835025
0 833025
0 832025
0 831025
0 829025
0 828025
1 826025
0 825025
0 824025
0 822025
0 820025
0 819025
0 818025
0 817025
0 816025
0 815025
0 813025
0 812025
0 811025
0 810025
0 808025
0 806025
0 801025
0 800025
0 798025
0 797025
0 796025
1 795025
1 792025
0 791025
1 790025
0 789025
0 788025
0 786025
0 785025
0 784025
0 783025
0 782025
0 781025
0 780025
0 779025
0 778025
0 777025
0 776025
0 775025
0 774025
0 773025
0 772025
0 768025
0 762025
1 760025
0 759025
0 758025
0 757025
0 754025
0 753025
0 752025
0 751025
0 750025
0 749025
1 747025
0 745025
0 742025
0 733025
0 732025
0 731025
0 730025
0 729025
0 728025
0 727025
0 726025
0 725025
0 724025
0 723025
0 722025
0 721025
0 720025
0 719025
0 718025
0 717025
0 716025
0 715025
0 714025
0 713025
0 712025
0 711025
0 710025
0 706025
0 705025
0 704025
0 702025
0 699025
0 697025
0 695025
1 691025
1 687025
1 686025
0 684025
0 682025
0 680025
0 678025
0 676025
0 673025
0 672025
0 671025
0 669025
0 668025
0 667025
0 666025
1 664025
0 661025
0 660025
0 659025
0 658025
0 657025
0 656025
0 655025
0 654025
0 653025
0 649025
0 648025
0 646025
0 645025
1 640025
0 639025
0 638025
0 636025
0 632025
0 631025
1 630025
0 629025
0 627025
0 624025
0 623025
0 620025
0 616025
0 615025
0 612025
0 609025
0 606025
0 605025
0 604025
0 603025
0 602025
0 599025
0 597025
1 595025
0 594025
0 589025
0 585025
0 583025
0 582025
0 581025
0 580025
0 578025
0 577025
0 576025
0 575025
0 574025
0 571025
0 570025
0 566025
0 563025
0 562025
0 561025
0 560025
0 559025
0 558025
0 557025
0 556025
0 554025
0 553025
0 552025
0 551025
0 550025
0 549025
0 548025
0 547025
0 546025
0 541025
0 539025
0 537025
1 536025
0 535025
0 532025
0 529025
0 526025
0 524025
0 523025
0 522025
0 519025
0 518025
0 515025
0 514025
0 513025
1 511025
0 508025
0 507025
0 506025
0 503025
0 502025
0 499025
0 497025
0 496025
0 495025
0 494025
0 493025
0 489025
0 487025
0 486025
0 485025
0 481025
0 480025
0 479025
0 478025
0 477025
0 476025
0 475025
0 472025
0 470025
0 469025
0 468025
0 467025
0 465025
0 464025
0 463025
0 462025
0 461025
0 460025
0 458025
0 457025
0 455025
0 454025
0 452025
0 451025
0 443025
0 442025
0 439025
0 438025
0 437025
0 436025
1 435025
0 431025
0 430025
0 429025
0 428025
0 426025
1 425025
0 424025
0 417025
0 413025
0 404025
0 402025
1 400025
1 399025
0 398025
0 397025
0 396025
0 395025
0 394025
0 393025
0 392025
0 390025
0 389025
0 388025
0 387025
0 386025
0 384025
0 383025
0 382025
0 381025
0 380025
0 379025
0 377025
1 376025
0 375025
0 374025
0 372025
0 371025
0 370025
0 368025
0 364025
0 362025
0 361025
1 360025
0 358025
0 354025
0 352025
0 350025
0 349025
0 348025
0 347025
0 345025
0 344025
0 343025
0 342025
0 340025
0 339025
0 338025
1 334025
0 331025
1 328025
1 327025
0 326025
0 324025
0 323025
0 322025
0 320025
0 319025
0 317025
0 310025
0 309025
0 308025
0 302025
0 301025
0 299025
0 298025
0 296025
0 295025
0 294025
0 293025
0 292025
1 291025
0 290025
0 289025
0 288025
0 287025
1 286025
0 285025
0 284025
0 282025
0 281025
0 280025
0 279025
0 278025
0 277025
0 275025
0 274025
0 270025
0 268025
0 266025
1 264025
1 262025
1 261025
0 259025
0 258025
0 256025
0 254025
0 253025
0 252025
0 250025
0 249025
0 248025
0 247025
1 232025
1 231025
1 230025
0 222025
0 221025
0 220025
1 213025
0 212025
0 209025
0 199025
0 198025
0 197025
0 196025
1 195025
0 194025
0 193025
0 192025
0 191025
0 188025
1 186025
1 185025
0 183025
0 182025
0 181025
0 180025
0 178025
0 176025
1 175025
1 174025
1 173025
1 172025
1 171025
0 168025
0 164025
0 161025
0 159025
0 158025
0 157025
0 156025
0 155025
1 150025
0 149025
0 148025
0 147025
1 146025
0 145025
0 144025
0 143025
0 142025
0 139025
0 138025
0 137025
0 136025
0 135025
0 134025
0 133025
0 132025
0 131025
1 129025
0 125025
1 124025
0 121025
0 120025
0 117025
0 116025
0 115025
0 114025
0 113025
0 110025
0 108025
0 107025
0 106025
1 105025
0 99025
0 98025
0 97025
0 96025
0 94025
0 92025
0 91025
0 90025
0 89025
0 85025
0 84025
0 83025
0 82025
0 81025
0 80025
1 78025
0 75025
0 74025
0 73025
0 71025
0 70025
0 68025
0 65025
0 64025
0 55025
0 54025
1 52025
0 50025
0 49025
1 48025
0 44025
0 43025
0 42025
0 41025
0 40025
0 39025
0 38025
1 31025
1 30025
0 23025
0 19025
1 17025
1 16025
1 13025
0 12025
0 9025
0 6001
0 5001