0 656011
0 653011
0 652011
0 650011
0 648011
0 645011
1 644011
0 641011
0 639011
0 638011
0 637011
0 636011
0 635011
0 634011
0 631011
1 627011
0 620011
0 619011
0 616011
0 615011
0 614011
1 613011
0 612011
0 610011
1 608011
0 607011
0 605011
0 604011
0 601011
0 600011
0 598011
0 597011
0 592011
0 591011
0 590011
0 589011
0 588011
0 587011
0 586011
0 585011
0 583011
0 582011
0 581011
0 580011
0 579011
0 578011
0 577011
0 576011
0 572011
0 568011
0 567011
0 566011
0 563011
0 562011
0 561011
0 560011
0 559011
0 558011
0 557011
0 556011
0 553011
0 552011
0 551011
1 549011
0 547011
0 543011
0 539011
0 538011
0 537011
1 535011
0 534011
0 528011
0 527011
0 526011
0 525011
0 522011
1 520011
0 519011
0 517011
0 515011
0 514011
0 513011
0 510011
0 509011
0 508011
0 507011
0 506011
0 502011
0 500011
0 498011
0 497011
1 496011
0 495011
0 494011
0 491011
0 489011
0 488011
0 485011
0 483011
0 481011
0 480011
0 478011
1 477011
1 474011
0 473011
0 472011
0 471011
0 469011
0 468011
0 467011
0 466011
0 465011
0 462011
0 461011
0 458011
0 457011
0 456011
0 455011
0 454011
0 452011
0 449011
0 448011
0 447011
0 446011
0 444011
0 443011
0 440011
0 439011
0 438011
0 436011
0 435011
0 430011
0 429011
0 427011
0 426011
0 424011
0 423011
0 422011
0 421011
1 419011
0 418011
0 415011
0 414011
0 413011
0 412011
0 411011
0 408011
0 407011
0 404011
0 400011
0 398011
1 395011
0 394011
0 393011
0 389011
0 385011
1 383011
0 379011
0 378011
1 376011
1 375011
0 374011
0 373011
0 372011
0 370011
0 369011
0 368011
0 367011
0 366011
0 364011
0 363011
1 361011
0 360011
0 356011
0 355011
0 354011
0 353011
0 352011
0 350011
0 348011
0 346011
0 343011
0 341011
0 340011
0 338011
0 337011
0 335011
0 331011
0 325011
0 324011
0 322011
0 321011
0 320011
0 319011
0 318011
0 316011
0 314011
0 311011
0 310011
0 309011
0 308011
0 297011
0 296011
0 291011
0 290011
0 288011
0 286011
0 283011
0 281011
0 280011
0 279011
0 278011
0 276011
0 275011
0 272011
0 271011
0 269011
0 264011
0 263011
0 262011
1 261011
0 260011
0 258011
0 257011
0 256011
0 255011
0 253011
0 252011
0 251011
0 249011
0 247011
1 244011
0 243011
0 242011
0 241011
0 239011
0 238011
0 237011
0 234011
1 233011
0 232011
0 228011
0 225011
0 222011
0 220011
0 219011
0 217011
0 215011
1 212011
0 210011
0 209011
0 208011
0 207011
0 206011
0 205011
0 204011
0 203011
0 202011
0 201011
0 200011
0 199011
0 198011
0 193011
0 192011
0 191011
0 190011
0 188011
0 185011
0 184011
0 183011
0 181011
0 177011
0 169011
0 168011
0 164011
0 163011
0 162011
0 156011
0 153011
0 152011
0 151011
0 150011
0 148011
0 146011
1 145011
1 144011
0 143011
0 142011
0 140011
0 135011
0 134011
0 132011
0 130011
0 129011
0 128011
0 127011
0 125011
0 124011
0 123011
0 122011
0 120011
0 115011
0 113011
0 112011
0 111011
0 110011
1 109011
0 107011
0 104011
0 101011
0 98011
0 97011
0 96011
0 95011
0 94011
0 93011
0 92011
0 87011
1 86011
0 85011
0 82011
0 81011
0 80011
0 79011
0 76011
1 75011
0 74011
0 73011
0 72011
0 70011
1 67011
0 66011
0 65011
0 63011
0 56011
0 55011
0 54011
0 51011
0 50011
0 48011
0 46011
0 45011
0 44011
0 43011
0 42011
0 41011
0 40011
0 39011
0 38011
0 37011
0 32011
0 28011
0 27011
0 24011
0 22011
0 20011
0 19011
0 15011
0 11011
0 10011