3 4924013
0 4920013
4 4917013
4 4916013
4 4915013
4 4914013
2 4913013
2 4911013
0 4910013
0 4909013
0 4907013
0 4905013
0 4904013
4 4903013
0 4901013
0 4899013
0 4898013
4 4897013
0 4896013
0 4895013
0 4890013
0 4888013
0 4887013
0 4885013
0 4884013
0 4883013
0 4882013
4 4881013
4 4878013
0 4877013
0 4876013
0 4875013
0 4874013
4 4873013
0 4872013
0 4871013
0 4869013
0 4867013
0 4866013
0 4864013
0 4863013
0 4862013
0 4860013
0 4858013
0 4857013
0 4856013
0 4855013
0 4854013
0 4853013
4 4852013
0 4851013
0 4849013
0 4848013
0 4847013
0 4844013
0 4843013
0 4842013
0 4841013
0 4840013
0 4839013
0 4838013
0 4837013
0 4836013
0 4835013
0 4833013
0 4832013
0 4831013
0 4830013
0 4825013
0 4823013
0 4822013
0 4821013
0 4819013
0 4818013
0 4816013
0 4815013
5 4814013
4 4813013
0 4812013
0 4811013
0 4810013
0 4808013
0 4807013
0 4806013
0 4804013
0 4803013
0 4802013
0 4801013
0 4800013
0 4799013
0 4798013
0 4797013
0 4796013
0 4795013
0 4792013
0 4791013
0 4789013
0 4785013
0 4784013
0 4783013
0 4782013
0 4780013
0 4779013
0 4777013
0 4775013
0 4774013
0 4771013
0 4770013
0 4769013
0 4768013
0 4767013
0 4766013
0 4765013
0 4763013
0 4761013
0 4759013
0 4754013
0 4753013
0 4752013
0 4751013
0 4749013
0 4748013
0 4747013
0 4745013
0 4744013
0 4741013
0 4739013
0 4738013
0 4737013
0 4736013
0 4735013
0 4733013
0 4731013
0 4730013
0 4726013
0 4724013
0 4722013
0 4721013
0 4720013
0 4718013
0 4717013
0 4716013
0 4714013
0 4713013
0 4712013
0 4711013
0 4710013
0 4708013
0 4707013
0 4706013
0 4705013
0 4704013
0 4703013
0 4699013
0 4696013
0 4695013
0 4694013
0 4693013
0 4692013
0 4691013
0 4690013
0 4689013
0 4688013
0 4687013
0 4686013
0 4684013
0 4683013
0 4682013
0 4680013
0 4675013
0 4673013
0 4672013
0 4671013
0 4670013
0 4669013
0 4668013
0 4667013
0 4665013
0 4664013
0 4662013
0 4661013
0 4660013
0 4659013
0 4658013
0 4657013
0 4655013
0 4652013
0 4651013
0 4650013
0 4649013
0 4644013
0 4643013
0 4642013
0 4639013
0 4637013
0 4635013
0 4634013
0 4632013
0 4631013
0 4630013
0 4629013
0 4628013
0 4627013
0 4621013
0 4620013
0 4617013
0 4614013
0 4613013
0 4612013
0 4611013
0 4610013
0 4609013
0 4606013
0 4605013
0 4604013
0 4603013
0 4602013
0 4600013
0 4599013
0 4597013
0 4591013
0 4590013
0 4589013
0 4588013
0 4587013
0 4586013
0 4585013
0 4582013
0 4581013
0 4580013
0 4579013
0 4578013
0 4577013
0 4576013
0 4574013
0 4573013
0 4571013
0 4569013
0 4568013
0 4564013
0 4563013
0 4562013
0 4561013
0 4560013
0 4557013
0 4555013
0 4554013
0 4553013
0 4552013
0 4551013
4 4550013
4 4549013
4 4548013
4 4547013
0 4546013
0 4545013
0 4544013
0 4543013
0 4542013
0 4541013
0 4540013
0 4539013
0 4538013
0 4537013
0 4536013
0 4535013
0 4532013
0 4529013
0 4527013
0 4526013
0 4525013
0 4524013
0 4523013
0 4521013
0 4520013
0 4519013
0 4518013
0 4517013
0 4516013
0 4515013
0 4514013
0 4513013
0 4511013
0 4510013
0 4509013
0 4508013
0 4507013
0 4506013
0 4505013
0 4504013
0 4503013
0 4501013
0 4498013
0 4495013
0 4494013
0 4492013
0 4491013
0 4489013
0 4486013
0 4485013
0 4483013
0 4482013
0 4481013
0 4479013
0 4478013
0 4476013
0 4475013
0 4474013
0 4473013
0 4471013
0 4469013
0 4467013
0 4465013
0 4464013
0 4463013
0 4462013
0 4460013
0 4459013
0 4456013
0 4453013
0 4452013
0 4450013
0 4449013
0 4448013
0 4447013
0 4446013
0 4444013
0 4443013
0 4442013
0 4440013
0 4438013
0 4437013
0 4436013
0 4435013
0 4434013
0 4433013
0 4431013
0 4429013
0 4428013
0 4426013
0 4425013
0 4424013
0 4423013
0 4422013
0 4421013
0 4418013
0 4417013
0 4416013
0 4415013
0 4413013
0 4412013
0 4411013
0 4410013
0 4409013
0 4408013
0 4406013
0 4405013
0 4402013
0 4401013
0 4400013
0 4399013
0 4398013
0 4396013
1 4393013
0 4389013
0 4388013
0 4387013
0 4384013
0 4383013
0 4381013
0 4380013
0 4379013
0 4378013
0 4377013
0 4376013
0 4375013
0 4374013
0 4373013
0 4372013
0 4371013
0 4369013
0 4368013
0 4367013
0 4366013
0 4365013
0 4364013
0 4363013
0 4362013
0 4361013
0 4360013
0 4359013
0 4358013
0 4357013
0 4356013
0 4355013
0 4354013
0 4353013
0 4352013
0 4351013
0 4350013
0 4349013
0 4347013
0 4345013
0 4343013
0 4342013
0 4341013
0 4340013
0 4338013
0 4336013
0 4332013
0 4331013
0 4330013
0 4329013
0 4328013
0 4327013
0 4326013
0 4325013
0 4324013
0 4323013
0 4321013
0 4320013
0 4319013
0 4317013
0 4315013
0 4314013
0 4313013
0 4312013
0 4311013
0 4310013
0 4309013
0 4308013
0 4305013
0 4304013
0 4303013
0 4302013
0 4301013
0 4300013
0 4296013
0 4295013
0 4294013
0 4293013
0 4292013
0 4289013
0 4288013
0 4287013
0 4286013
0 4285013
0 4284013
0 4283013
0 4282013
0 4280013
0 4279013
0 4278013
0 4277013
0 4276013
0 4275013
0 4274013
0 4273013
0 4271013
0 4269013
0 4268013
0 4266013
0 4265013
0 4264013
0 4263013
0 4262013
0 4261013
0 4260013
0 4259013
0 4258013
0 4256013
0 4255013
0 4253013
0 4252013
0 4251013
0 4250013
0 4249013
0 4248013
0 4247013
0 4246013
0 4245013
0 4244013
0 4243013
0 4242013
0 4241013
0 4234013
0 4233013
0 4232013
0 4230013
0 4228013
0 4227013
0 4226013
0 4224013
0 4223013
0 4222013
0 4221013
0 4220013
0 4219013
0 4218013
0 4217013
0 4216013
0 4215013
0 4214013
0 4213013
0 4212013
0 4211013
0 4210013
0 4209013
0 4208013
0 4207013
0 4206013
0 4205013
0 4204013
0 4203013
0 4202013
0 4201013
0 4196013
0 4195013
0 4194013
0 4193013
0 4192013
0 4191013
0 4188013
0 4187013
0 4186013
0 4184013
0 4183013
0 4182013
0 4181013
0 4180013
0 4179013
0 4178013
0 4176013
0 4175013
0 4173013
0 4171013
0 4170013
0 4169013
0 4168013
0 4167013
0 4166013
0 4165013
0 4163013
0 4162013
0 4161013
1 4159013
0 4158013
0 4157013
0 4156013
0 4154013
0 4153013
0 4150013
0 4149013
0 4148013
0 4147013
0 4146013
0 4144013
0 4142013
0 4141013
0 4139013
0 4138013
0 4137013
0 4136013
0 4135013
0 4132013
0 4130013
0 4129013
0 4128013
0 4127013
0 4126013
0 4125013
0 4124013
0 4123013
0 4122013
0 4121013
0 4120013
0 4119013
0 4118013
0 4117013
0 4116013
0 4114013
0 4113013
0 4110013
0 4108013
0 4107013
0 4106013
0 4105013
0 4104013
0 4103013
0 4102013
0 4100013
0 4099013
0 4098013
0 4096013
0 4095013
0 4094013
0 4092013
0 4091013
0 4090013
0 4089013
0 4086013
0 4083013
0 4082013
0 4081013
0 4080013
0 4079013
0 4076013
0 4075013
0 4074013
0 4072013
0 4069013
0 4068013
0 4067013
0 4066013
0 4065013
0 4064013
0 4063013
0 4062013
0 4059013
0 4058013
0 4057013
0 4056013
0 4055013
0 4054013
0 4052013
0 4050013
0 4049013
0 4048013
0 4047013
0 4046013
0 4045013
0 4044013
0 4043013
0 4042013
0 4041013
0 4040013
0 4039013
0 4038013
0 4037013
0 4036013
0 4035013
0 4034013
0 4033013
0 4032013
0 4031013
0 4030013
0 4028013
0 4027013
0 4026013
0 4025013
0 4024013
0 4023013
0 4022013
0 4021013
0 4020013
0 4019013
0 4017013
0 4014013
0 4012013
0 4011013
0 4010013
0 4009013
0 4008013
0 4007013
0 4006013
0 4003013
0 4002013
0 4001013
0 3998013
0 3997013
0 3996013
0 3995013
0 3993013
0 3992013
0 3991013
0 3990013
0 3989013
0 3988013
0 3987013
0 3986013
0 3985013
0 3982013
0 3978013
0 3977013
0 3976013
0 3974013
0 3973013
0 3972013
0 3971013
0 3970013
0 3969013
0 3968013
0 3967013
0 3966013
0 3965013
0 3962013
0 3961013
0 3960013
0 3959013
0 3958013
0 3957013
0 3956013
0 3955013
0 3954013
0 3952013
0 3951013
0 3950013
0 3949013
0 3948013
0 3947013
0 3946013
0 3945013
0 3944013
0 3943013
0 3942013
0 3941013
0 3940013
0 3939013
0 3937013
0 3936013
0 3934013
0 3933013
0 3932013
0 3931013
0 3930013
0 3929013
0 3928013
0 3927013
0 3925013
0 3924013
0 3921013
0 3920013
0 3919013
0 3918013
0 3915013
0 3914013
0 3913013
0 3912013
0 3911013
0 3910013
0 3909013
0 3908013
0 3907013
0 3906013
0 3905013
0 3904013
0 3903013
0 3902013
0 3899013
0 3898013
0 3897013
0 3896013
0 3894013
0 3893013
0 3892013
0 3890013
0 3889013
0 3887013
0 3886013
0 3885013
0 3884013
0 3883013
0 3882013
0 3881013
0 3879013
0 3878013
0 3877013
0 3876013
0 3875013
0 3874013
0 3873013
0 3872013
0 3871013
0 3870013
0 3869013
0 3868013
0 3867013
0 3866013
0 3865013
0 3864013
0 3859013
0 3858013
0 3857013
0 3856013
0 3855013
0 3854013
0 3853013
0 3852013
0 3851013
0 3850013
0 3848013
0 3846013
0 3844013
0 3843013
0 3842013
0 3841013
0 3840013
0 3838013
0 3836013
0 3835013
0 3834013
0 3833013
0 3830013
0 3829013
0 3828013
0 3825013
0 3824013
0 3822013
0 3821013
0 3820013
0 3819013
0 3818013
0 3817013
0 3816013
0 3815013
0 3814013
0 3813013
0 3811013
0 3809013
0 3808013
0 3807013
0 3805013
0 3804013
0 3803013
0 3802013
0 3798013
0 3797013
0 3796013
0 3795013
0 3794013
0 3792013
0 3790013
0 3788013
0 3787013
0 3785013
0 3784013
0 3783013
0 3782013
0 3781013
0 3780013
0 3779013
0 3778013
0 3777013
0 3776013
0 3775013
0 3774013
0 3773013
0 3772013
0 3770013
0 3768013
0 3767013
0 3766013
0 3765013
0 3763013
0 3762013
0 3761013
0 3759013
0 3758013
0 3757013
0 3756013
0 3754013
0 3753013
0 3752013
0 3750013
0 3749013
0 3748013
0 3747013
0 3746013
0 3745013
0 3744013
0 3743013
0 3742013
0 3740013
0 3739013
0 3738013
0 3735013
0 3733013
0 3732013
0 3731013
0 3729013
0 3727013
0 3724013
0 3723013
0 3722013
0 3720013
0 3719013
0 3718013
0 3716013
0 3715013
0 3714013
0 3711013
0 3710013
0 3709013
0 3708013
0 3705013
0 3704013
0 3701013
0 3700013
0 3699013
0 3698013
0 3697013
0 3696013
0 3695013
0 3694013
0 3692013
0 3691013
0 3690013
0 3689013
0 3688013
0 3687013
0 3686013
0 3685013
0 3684013
0 3683013
0 3682013
0 3681013
1 3680013
0 3679013
0 3678013
0 3677013
0 3675013
0 3674013
0 3673013
0 3672013
0 3671013
0 3670013
0 3666013
0 3664013
0 3663013
0 3661013
0 3660013
0 3659013
0 3658013
0 3657013
0 3656013
0 3655013
0 3654013
0 3653013
0 3652013
0 3651013
0 3650013
0 3649013
0 3647013
0 3646013
0 3644013
0 3643013
0 3642013
0 3641013
0 3640013
0 3639013
0 3638013
0 3637013
0 3635013
0 3634013
0 3633013
0 3632013
0 3631013
0 3630013
0 3629013
0 3628013
0 3622013
0 3621013
0 3620013
0 3618013
0 3615013
0 3614013
0 3613013
0 3612013
0 3611013
0 3610013
0 3609013
0 3608013
0 3606013
0 3605013
0 3604013
0 3603013
0 3602013
0 3601013
0 3600013
0 3596013
0 3595013
0 3594013
0 3593013
0 3592013
0 3591013
0 3588013
0 3587013
0 3586013
0 3585013
0 3584013
0 3583013
0 3579013
0 3578013
0 3576013
0 3575013
0 3574013
0 3573013
0 3570013
0 3569013
0 3568013
0 3567013
0 3566013
0 3562013
0 3561013
0 3560013
0 3559013
0 3556013
0 3555013
0 3554013
0 3553013
0 3546013
0 3543013
0 3541013
0 3540013
0 3539013
0 3537013
0 3536013
0 3533013
0 3531013
0 3530013
0 3529013
0 3528013
0 3527013
0 3526013
0 3525013
0 3524013
0 3523013
0 3522013
0 3521013
0 3520013
0 3519013
0 3518013
0 3517013
0 3516013
0 3515013
0 3514013
0 3513013
0 3512013
0 3510013
0 3509013
0 3508013
0 3507013
0 3506013
0 3505013
0 3504013
0 3503013
0 3502013
0 3501013
0 3500013
0 3499013
0 3498013
0 3497013
0 3496013
0 3495013
0 3494013
0 3492013
0 3491013
0 3490013
0 3489013
0 3488013
0 3487013
0 3486013
0 3484013
0 3483013
0 3482013
0 3481013
0 3480013
0 3479013
0 3478013
0 3476013
0 3475013
0 3474013
0 3473013
0 3472013
0 3470013
0 3469013
0 3468013
0 3467013
0 3465013
0 3464013
0 3463013
0 3462013
0 3461013
0 3460013
0 3459013
0 3458013
0 3457013
0 3456013
0 3455013
0 3454013
0 3453013
0 3452013
0 3451013
0 3450013
0 3449013
0 3448013
0 3447013
0 3446013
0 3445013
0 3444013
0 3443013
0 3442013
0 3441013
0 3440013
0 3439013
0 3438013
0 3437013
0 3435013
0 3433013
0 3432013
0 3431013
0 3429013
0 3428013
0 3427013
0 3425013
0 3424013
0 3423013
0 3422013
0 3421013
0 3420013
0 3419013
0 3418013
0 3416013
0 3415013
0 3414013
0 3413013
0 3412013
0 3411013
0 3409013
0 3408013
0 3406013
0 3405013
0 3404013
0 3403013
0 3402013
0 3401013
0 3400013
0 3399013
0 3398013
0 3397013
0 3395013
0 3394013
0 3393013
0 3391013
0 3390013
0 3388013
0 3387013
0 3386013
0 3385013
0 3384013
0 3383013
0 3382013
0 3381013
0 3380013
0 3379013
0 3375013
0 3374013
0 3373013
0 3372013
0 3371013
0 3370013
0 3368013
0 3367013
0 3366013
0 3365013
0 3364013
0 3363013
0 3362013
0 3361013
0 3360013
0 3359013
0 3358013
0 3356013
0 3355013
0 3354013
0 3353013
0 3352013
0 3351013
0 3350013
0 3349013
0 3348013
0 3347013
0 3344013
0 3343013
0 3342013
0 3338013
0 3337013
0 3335013
0 3334013
0 3330013
0 3329013
0 3327013
0 3326013
0 3322013
0 3319013
0 3318013
0 3317013
0 3316013
0 3314013
0 3313013
0 3311013
0 3310013
0 3309013
0 3307013
0 3306013
0 3305013
0 3303013
0 3301013
0 3297013
0 3295013
0 3293013
0 3292013
0 3291013
0 3289013
0 3288013
0 3287013
0 3285013
0 3281013
0 3280013
0 3279013
0 3278013
0 3275013
0 3274013
0 3273013
0 3271013
1 3270013
0 3269013
0 3268013
0 3266013
0 3265013
0 3264013
0 3263013
0 3261013
0 3260013
0 3258013
0 3257013
0 3256013
0 3255013
0 3252013
0 3248013
0 3246013
0 3245013
0 3244013
0 3243013
0 3242013
0 3241013
0 3240013
0 3234013
0 3233013
0 3229013
1 3228013
0 3227013
0 3226013
0 3225013
0 3223013
0 3221013
0 3220013
0 3219013
0 3215013
0 3214013
0 3213013
0 3212013
0 3209013
0 3208013
0 3207013
0 3206013
0 3204013
0 3202013
0 3201013
0 3200013
0 3199013
0 3197013
0 3195013
1 3194013
0 3193013
0 3192013
0 3190013
0 3189013
0 3187013
0 3186013
0 3185013
4 3184013
1 3183013
0 3182013
0 3181013
1 3180013
0 3179013
0 3178013
0 3177013
0 3176013
0 3175013
0 3174013
0 3173013
0 3172013
0 3170013
0 3169013
0 3165013
0 3163013
0 3162013
0 3160013
0 3159013
0 3158013
0 3157013
0 3155013
0 3154013
0 3153013
0 3152013
0 3151013
0 3150013
0 3149013
0 3142013
0 3141013
0 3140013
0 3139013
0 3137013
0 3136013
0 3135013
0 3134013
0 3133013
0 3132013
0 3131013
0 3126013
0 3125013
0 3122013
1 3121013
0 3120013
0 3119013
0 3118013
0 3117013
1 3116013
0 3115013
0 3113013
0 3112013
0 3109013
0 3108013
0 3107013
0 3106013
0 3105013
0 3103013
0 3102013
0 3101013
0 3099013
0 3097013
0 3094013
0 3093013
0 3092013
0 3090013
0 3087013
0 3084013
0 3083013
0 3081013
0 3080013
0 3076013
0 3075013
0 3074013
0 3072013
0 3071013
0 3070013
0 3068013
0 3067013
0 3066013
0 3065013
0 3064013
0 3062013
0 3061013
0 3060013
0 3058013
0 3055013
0 3054013
0 3053013
0 3052013
0 3051013
0 3049013
0 3048013
0 3045013
0 3044013
0 3043013
0 3042013
0 3041013
0 3040013
0 3039013
0 3038013
0 3036013
0 3035013
0 3034013
0 3032013
0 3031013
0 3030013
0 3029013
0 3028013
0 3025013
0 3024013
0 3023013
0 3022013
0 3021013
0 3017013
0 3016013
0 3015013
0 3011013
0 3006013
0 3005013
0 3004013
0 3002013
0 3001013
0 2998013
0 2995013
0 2994013
0 2993013
0 2991013
0 2990013
0 2985013
0 2983013
0 2982013
0 2979013
0 2978013
0 2977013
0 2975013
0 2974013
0 2973013
0 2972013
0 2971013
0 2969013
0 2968013
0 2964013
0 2963013
1 2962013
0 2960013
0 2959013
0 2958013
0 2957013
0 2956013
0 2955013
0 2954013
0 2952013
0 2951013
0 2950013
0 2949013
0 2948013
0 2947013
0 2946013
0 2945013
0 2944013
0 2943013
0 2942013
0 2941013
0 2940013
0 2938013
0 2937013
0 2935013
0 2934013
0 2933013
0 2932013
0 2931013
0 2929013
0 2927013
0 2924013
0 2923013
0 2922013
0 2921013
0 2919013
0 2915013
0 2914013
1 2913013
0 2912013
0 2910013
0 2908013
0 2907013
0 2905013
0 2904013
0 2903013
0 2902013
0 2901013
1 2900013
1 2898013
0 2897013
0 2896013
0 2895013
0 2894013
0 2893013
0 2892013
1 2891013
0 2890013
0 2888013
0 2886013
0 2884013
0 2883013
0 2881013
0 2879013
0 2878013
0 2877013
0 2876013
0 2874013
0 2873013
0 2871013
0 2870013
0 2868013
0 2866013
0 2865013
0 2864013
1 2863013
0 2860013
0 2857013
0 2856013
0 2855013
1 2854013
0 2853013
0 2850013
0 2846013
0 2845013
0 2841013
0 2837013
0 2831013
0 2830013
0 2828013
0 2827013
1 2826013
0 2823013
0 2822013
0 2821013
0 2820013
0 2819013
0 2818013
0 2817013
0 2816013
0 2815013
0 2814013
0 2811013
0 2808013
0 2807013
0 2806013
0 2805013
0 2804013
0 2803013
0 2802013
0 2801013
0 2800013
0 2798013
0 2797013
0 2796013
0 2795013
0 2793013
0 2791013
0 2790013
0 2789013
0 2785013
0 2783013
0 2781013
0 2778013
0 2777013
0 2776013
0 2775013
0 2774013
0 2772013
0 2771013
0 2770013
0 2769013
0 2768013
0 2766013
0 2765013
0 2764013
0 2763013
0 2762013
0 2757013
0 2756013
0 2755013
0 2754013
0 2753013
0 2752013
1 2751013
0 2750013
0 2749013
0 2748013
0 2745013
1 2744013
0 2743013
0 2742013
0 2741013
0 2740013
0 2739013
0 2738013
0 2737013
0 2736013
0 2735013
0 2734013
0 2733013
0 2732013
0 2731013
0 2730013
0 2729013
0 2728013
0 2727013
0 2726013
0 2725013
0 2724013
0 2723013
0 2720013
0 2717013
0 2716013
0 2715013
0 2714013
0 2711013
0 2710013
0 2705013
0 2704013
0 2697013
0 2691013
0 2690013
0 2689013
0 2687013
0 2686013
0 2685013
0 2684013
0 2683013
0 2682013
0 2680013
0 2679013
0 2677013
0 2676013
0 2675013
0 2674013
0 2672013
0 2671013
0 2670013
0 2669013
0 2668013
0 2666013
0 2665013
0 2664013
0 2663013
0 2662013
0 2661013
0 2659013
0 2658013
0 2657013
0 2656013
0 2655013
0 2653013
0 2652013
0 2651013
0 2650013
0 2649013
0 2648013
0 2646013
0 2645013
0 2644013
0 2643013
0 2642013
0 2641013
0 2640013
0 2639013
0 2638013
1 2637013
0 2635013
0 2634013
0 2632013
0 2631013
0 2630013
0 2629013
0 2628013
0 2627013
0 2625013
0 2624013
0 2623013
0 2622013
0 2621013
0 2620013
1 2618013
0 2617013
0 2616013
0 2615013
0 2614013
0 2613013
0 2612013
0 2610013
0 2609013
0 2607013
0 2606013
0 2605013
0 2603013
0 2601013
0 2600013
0 2599013
0 2598013
0 2597013
0 2595013
0 2594013
0 2593013
0 2592013
0 2591013
0 2590013
0 2589013
0 2588013
0 2586013
0 2585013
0 2584013
0 2583013
0 2582013
0 2581013
0 2580013
0 2579013
0 2578013
0 2577013
0 2576013
0 2575013
0 2574013
0 2573013
0 2572013
0 2566013
0 2565013
0 2563013
0 2562013
0 2561013
0 2560013
0 2559013
0 2558013
0 2557013
0 2556013
0 2551013
0 2550013
0 2549013
0 2548013
0 2547013
0 2546013
1 2545013
0 2544013
1 2543013
0 2542013
0 2540013
1 2538013
0 2537013
0 2536013
0 2535013
0 2534013
0 2533013
0 2532013
0 2531013
0 2530013
0 2529013
0 2528013
0 2525013
0 2524013
0 2523013
0 2522013
0 2518013
0 2517013
0 2516013
0 2515013
0 2513013
0 2512013
0 2511013
0 2510013
0 2509013
0 2508013
0 2507013
0 2506013
0 2504013
0 2503013
0 2502013
0 2501013
0 2500013
0 2499013
0 2498013
0 2497013
0 2496013
0 2495013
0 2493013
0 2492013
0 2490013
0 2489013
1 2488013
0 2487013
0 2484013
0 2482013
0 2481013
0 2480013
0 2478013
0 2477013
0 2476013
0 2474013
0 2472013
0 2471013
0 2468013
0 2467013
0 2465013
0 2464013
0 2463013
0 2462013
0 2461013
0 2460013
0 2459013
0 2458013
0 2456013
0 2455013
0 2453013
0 2452013
0 2451013
0 2449013
0 2448013
0 2447013
0 2446013
0 2445013
0 2444013
0 2443013
0 2442013
0 2441013
0 2440013
0 2439013
0 2438013
0 2437013
0 2038013
0 2037013
0 2036013
0 2035013
1 2034013
0 2033013
0 2032013
0 2031013
0 2030013
0 2029013
0 2028013
0 2026013
0 2025013
0 2023013
0 2018013
0 2016013
0 2014013
0 2013013
0 2012013
0 2010013
0 2008013
0 2007013
1 2006013
0 1981013
0 1980013
0 1979013
0 1978013
1 1977013
0 1976013
1 1974013
0 1973013
0 1971013
0 1970013
0 1969013
0 1968013
0 1966013
0 1964013
0 1962013
0 1961013
0 1960013
0 1959013
0 1958013
0 1957013
0 1956013
0 1955013
0 1953013
0 1951013
0 1950013
0 1947013
0 1945013
0 1944013
0 1943013
0 1942013
0 1941013
0 1940013
0 1939013
0 1936013
1 1935013
0 1934013
0 1933013
0 1932013
0 1931013
0 1930013
0 1929013
0 1926013
0 1925013
0 1924013
0 1923013
0 1922013
0 1921013
0 1920013
0 1918013
0 1914013
0 1913013
0 1912013
0 1911013
0 1909013
0 1908013
0 1906013
0 1905013
0 1904013
0 1901013
0 1900013
0 1898013
0 1897013
0 1896013
0 1895013
0 1894013
0 1893013
0 1892013
0 1891013
0 1889013
0 1888013
0 1887013
0 1886013
0 1884013
0 1882013
0 1881013
0 1879013
0 1877013
0 1876013
0 1875013
0 1874013
0 1873013
0 1872013
0 1871013
0 1869013
0 1868013
0 1867013
0 1866013
0 1865013
0 1864013
0 1863013
0 1862013
0 1861013
0 1860013
0 1859013
0 1858013
0 1857013
0 1856013
0 1855013
0 1854013
0 1853013
0 1852013
0 1850013
0 1849013
0 1848013
0 1847013
0 1846013
0 1845013
0 1843013
0 1842013
1 1841013
0 1839013
0 1838013
0 1837013
0 1836013
0 1835013
0 1834013
0 1833013
1 1831013
0 1830013
0 1829013
0 1827013
0 1826013
0 1824013
0 1822013
0 1820013
0 1818013
0 1816013
0 1813013
0 1812013
0 1810013
0 1809013
0 1807013
0 1806013
0 1804013
0 1803013
0 1802013
0 1800013
0 1799013
0 1798013
0 1797013
0 1796013
0 1795013
0 1794013
0 1793013
0 1792013
0 1790013
0 1789013
0 1788013
0 1785013
0 1784013
0 1783013
0 1781013
0 1780013
0 1779013
0 1775013
0 1773013
0 1772013
0 1771013
0 1769013
0 1768013
0 1763013
0 1762013
0 1761013
0 1760013
0 1759013
0 1758013
0 1756013
0 1755013
0 1754013
1 1753013
0 1752013
0 1751013
0 1750013
0 1745013
0 1744013
0 1742013
0 1741013
0 1740013
0 1738013
0 1737013
0 1736013
1 1733013
0 1732013
0 1731013
0 1730013
0 1728013
0 1727013
0 1726013
0 1725013
0 1724013
0 1723013
0 1722013
0 1721013
0 1720013
0 1719013
0 1718013
0 1717013
0 1715013
0 1712013
0 1710013
0 1708013
0 1707013
0 1706013
0 1705013
0 1704013
0 1703013
0 1702013
0 1701013
0 1700013
0 1699013
0 1698013
0 1697013
0 1696013
0 1695013
0 1694013
0 1693013
0 1692013
0 1690013
0 1689013
0 1688013
0 1686013
0 1685013
0 1684013
0 1683013
0 1682013
0 1681013
0 1680013
0 1679013
0 1678013
0 1676013
0 1675013
0 1674013
0 1673013
0 1672013
0 1671013
0 1668013
0 1667013
0 1666013
0 1665013
0 1663013
0 1662013
0 1661013
0 1660013
0 1659013
0 1658013
0 1657013
0 1656013
0 1654013
0 1653013
0 1651013
0 1650013
0 1649013
0 1648013
0 1645013
0 1644013
0 1643013
0 1641013
0 1640013
0 1639013
0 1638013
0 1637013
0 1636013
0 1635013
0 1634013
0 1633013
0 1632013
0 1631013
0 1629013
0 1627013
0 1626013
0 1625013
0 1624013
0 1621013
0 1620013
0 1618013
0 1617013
0 1615013
0 1612013
0 1611013
0 1610013
0 1608013
0 1607013
0 1605013
0 1603013
0 1602013
0 1601013
0 1600013
0 1598013
0 1597013
0 1596013
0 1595013
0 1594013
0 1593013
0 1592013
0 1591013
0 1586013
0 1585013
0 1584013
0 1583013
0 1582013
0 1581013
0 1580013
0 1579013
0 1578013
0 1577013
0 1576013
0 1575013
0 1574013
0 1573013
0 1572013
0 1571013
0 1570013
0 1569013
0 1566013
0 1564013
0 1562013
0 1561013
0 1560013
0 1555013
0 1552013
0 1551013
0 1550013
0 1549013
0 1548013
0 1546013
0 1544013
0 1542013
0 1541013
0 1538013
0 1537013
0 1536013
0 1535013
0 1534013
0 1533013
0 1532013
0 1530013
0 1529013
0 1528013
0 1527013
0 1525013
0 1524013
0 1523013
0 1522013
0 1521013
0 1520013
0 1518013
0 1517013
0 1514013
0 1513013
0 1512013
0 1511013
0 1510013
0 1509013
0 1508013
0 1507013
0 1504013
0 1503013
0 1502013
0 1500013
0 1498013
0 1496013
0 1494013
0 1492013
0 1491013
0 1490013
0 1489013
0 1488013
1 1487013
0 1485013
0 1484013
0 1483013
0 1482013
0 1481013
0 1480013
0 1479013
0 1477013
0 1475013
0 1474013
0 1471013
0 1470013
0 1469013
0 1467013
0 1466013
0 1464013
0 1462013
0 1461013
0 1459013
0 1458013
1 1456013
0 1454013
0 1452013
0 1451013
0 1450013
0 1449013
0 1447013
0 1446013
0 1445013
0 1441013
0 1440013
0 1439013
0 1437013
0 1436013
0 1435013
0 1434013
0 1433013
0 1430013
0 1427013
0 1426013
0 1425013
0 1424013
0 1423013
0 1422013
0 1421013
0 1420013
1 1418013
0 1416013
0 1414013
0 1413013
0 1409013
0 1407013
1 1406013
0 1404013
0 1403013
0 1402013
0 1401013
0 1400013
0 1399013
0 1395013
0 1393013
0 1392013
0 1390013
0 1389013
0 1388013
0 1387013
0 1386013
0 1385013
0 1383013
0 1382013
0 1381013
0 1380013
0 1378013
0 1377013
0 1376013
0 1375013
0 1374013
0 1373013
0 1372013
0 1371013
0 1370013
0 1369013
0 1367013
0 1366013
0 1364013
0 1362013
0 1359013
0 1356013
0 1354013
0 1353013
0 1352013
0 1351013
0 1350013
0 1347013
0 1345013
0 1344013
0 1343013
0 1341013
0 1340013
0 1339013
0 1336013
0 1335013
0 1334013
0 1333013
0 1332013
0 1330013
0 1329013
0 1328013
0 1325013
0 1324013
0 1323013
0 1320013
0 1319013
0 1316013
0 1313013
0 1312013
0 1311013
0 1309013
0 1308013
0 1307013
0 1306013
0 1302013
0 1301013
0 1299013
0 1298013
0 1297013
0 1296013
0 1295013
0 1294013
0 1293013
0 1292013
0 1289013
0 1287013
0 1286013
0 1282013
0 1281013
0 1280013
0 1279013
0 1278013
0 1277013
0 1276013
0 1274013
0 1272013
0 1271013
0 1269013
0 1267013
0 1266013
0 1263013
0 1262013
0 1261013
0 1260013
0 1259013
0 1258013
0 1255013
0 1254013
0 1253013
0 1252013
0 1251013
0 1250013
0 1249013
0 1247013
0 1246013
0 1245013
0 1244013
0 1243013
0 1242013
0 1241013
0 1238013
0 1236013
0 1234013
0 1233013
0 1231013
0 1228013
0 1225013
0 1224013
0 1223013
1 1222013
0 1219013
1 1216013
0 1214013
0 1212013
0 1207013
0 1206013
0 1203013
0 1202013
0 1201013
0 1200013
0 1196013
0 1194013
0 1193013
0 1192013
0 1191013
0 1190013
0 1188013
0 1187013
0 1186013
0 1181013
0 1180013
0 1179013
0 1178013
0 1177013
0 1175013
0 1174013
0 1173013
0 1172013
0 1171013
0 1169013
0 1168013
0 1166013
0 1165013
0 1164013
0 1163013
0 1162013
0 1158013
0 1157013
0 1155013
0 1150013
0 1149013
0 1148013
0 1147013
0 1146013
0 1145013
0 1144013
0 1140013
0 1139013
1 1138013
0 1134013
0 1133013
0 1132013
0 1129013
0 1126013
0 1124013
0 1123013
0 1118013
0 1117013
0 1116013
0 1115013
0 1114013
0 1113013
0 1112013
0 1111013
0 1108013
0 1105013
0 1104013
0 1103013
0 1101013
0 1099013
0 1098013
0 1097013
0 1095013
0 1094013
0 1093013
0 1092013
0 1090013
0 1089013
0 1088013
0 1087013
0 1085013
0 1084013
0 1080013
0 1079013
0 1077013
0 1076013
0 1073013
0 1072013
0 1070013
0 1068013
0 1065013
0 1064013
0 1063013
0 1062013
0 1061013
0 1060013
0 1059013
0 1058013
0 1057013
0 1056013
0 1054013
0 1053013
0 1052013
0 1051013
0 1050013
0 1049013
0 1047013
0 1046013
0 1045013
0 1043013
0 1041013
0 1038013
0 1037013
0 1034013
0 1033013
0 1031013
0 1029013
0 1027013
0 1026013
0 1025013
0 1023013
0 1021013
0 1020013
0 1018013
0 1017013
0 1016013
0 1015013
0 1014013
0 1011013
0 1010013
0 1009013
0 1008013
0 1007013
0 1006013
0 1004013
0 1002013
0 1000013
0 999013
0 998013
0 997013
0 996013
0 995013
0 991013
0 990013
0 989013
0 988013
0 987013
0 986013
0 985013
0 983013
0 982013
0 981013
0 980013
0 979013
0 978013
0 977013
0 976013
0 975013
0 974013
0 972013
0 969013
0 968013
0 967013
0 966013
0 965013
0 963013
0 961013
0 960013
0 959013
0 957013
0 956013
0 955013
0 952013
0 950013
0 948013
0 947013
0 946013
0 945013
0 944013
0 943013
0 941013
0 940013
0 938013
0 937013
0 936013
0 935013
0 932013
0 931013
0 929013
0 928013
0 927013
0 926013
0 925013
0 924013
0 923013
0 922013
0 920013
0 919013
0 918013
0 917013
0 915013
0 913013
0 909013
0 908013
0 907013
0 906013
0 905013
0 904013
0 903013
0 902013
0 901013
0 900013
0 899013
0 898013
0 897013
0 896013
0 895013
0 894013
0 892013
0 891013
0 890013
0 889013
0 888013
0 887013
0 886013
0 885013
0 884013
0 882013
0 881013
0 880013
0 878013
0 872013
0 871013
0 869013
0 868013
0 867013
0 866013
0 865013
0 864013
0 863013
0 861013
0 860013
0 859013
0 858013
0 857013
0 856013
0 854013
0 853013
0 850013
0 848013
0 847013
0 846013
0 845013
0 843013
0 842013
0 839013
0 838013
0 837013
0 835013
0 834013
0 833013
0 832013
0 831013
0 830013
0 829013
0 827013
0 826013
0 825013
0 823013
0 822013
0 821013
0 819013
0 818013
0 817013
0 816013
0 815013
0 814013
0 813013
0 812013
0 811013
0 810013
0 809013
0 808013
0 807013
0 805013
0 803013
0 802013
0 801013
1 797013
0 796013
0 795013
0 794013
0 793013
0 791013
1 789013
0 788013
0 787013
0 786013
0 785013
0 783013
0 782013
0 779013
0 778013
0 776013
0 775013
0 774013
0 773013
0 772013
0 771013
0 769013
0 768013
0 767013
0 766013
0 765013
0 763013
0 762013
0 761013
0 759013
0 755013
0 754013
0 753013
0 752013
0 751013
0 749013
0 748013
0 747013
0 746013
0 745013
0 744013
0 742013
0 741013
0 740013
0 739013
0 738013
0 737013
0 736013
0 734013
0 732013
0 731013
0 730013
0 729013
0 728013
0 726013
0 725013
0 724013
0 723013
0 722013
0 721013
0 720013
0 719013
0 718013
0 717013
0 716013
0 714013
0 711013
0 710013
0 709013
0 706013
0 705013
0 704013
0 701013
0 700013
0 699013
0 698013
0 697013
0 695013
0 693013
0 692013
0 689013
0 687013
0 685013
0 684013
0 683013
0 682013
0 681013
0 680013
0 679013
0 678013
0 677013
0 676013
0 675013
0 674013
0 673013
0 672013
0 671013
0 668013
0 666013
0 665013
0 664013
0 663013
0 662013
0 660013
0 659013
0 657013
0 656013
0 655013
0 654013
0 653013
0 652013
0 651013
0 650013
0 649013
0 648013
0 647013
0 646013
0 643013
0 641013
0 640013
0 639013
0 638013
0 635013
0 634013
0 633013
0 632013
0 631013
0 630013
0 626013
0 625013
0 624013
0 620013
0 619013
0 618013
0 617013
0 615013
0 614013
0 613013
0 612013
1 608013
0 606013
0 605013
0 604013
0 603013
0 599013
0 598013
0 597013
0 596013
0 592013
0 591013
0 590013
0 589013
0 585013
0 584013
0 583013
0 581013
0 580013
0 579013
0 577013
0 576013
0 575013
0 572013
0 571013
0 570013
0 567013
0 566013
0 565013
0 563013
0 560013
0 557013
0 556013
0 555013
0 553013
0 550013
0 549013
0 548013
0 546013
0 544013
0 543013
0 542013
0 540013
0 536013
0 535013
0 534013
0 532013
0 531013
0 529013
0 527013
0 526013
0 525013
0 524013
0 523013
0 522013
0 520013
0 519013
0 518013
0 517013
0 516013
0 515013
0 514013
0 513013
0 511013
0 510013
0 508013
0 507013
0 505013
0 504013
0 502013
0 501013
0 500013
0 498013
0 497013
0 495013
0 492013
0 488013
0 484013
1 483013
0 482013
0 481013
0 480013
0 478013
0 477013
0 476013
0 474013
0 470013
0 469013
0 468013
0 466013
0 465013
0 464013
0 462013
0 459013
0 458013
0 457013
0 456013
0 455013
0 454013
0 453013
0 450013
0 449013
0 448013
0 445013
0 444013
0 439013
0 438013
0 436013
0 435013
0 434013
1 433013
0 429013
0 428013
0 424013
0 423013
0 422013
0 421013
0 419013
0 418013
0 414013
0 411013
0 408013
0 407013
0 406013
0 405013
0 404013
0 403013
0 401013
0 400013
0 399013
0 398013
0 397013
0 396013
0 395013
0 394013
0 393013
1 392013
0 391013
0 388013
0 387013
0 386013
0 385013
0 384013
0 383013
0 382013
0 381013
0 380013
0 379013
0 376013
0 374013
0 372013
1 370013
1 369013
0 368013
0 367013
0 364013
0 363013
0 362013
1 361013
1 360013
0 358013
0 357013
0 354013
0 353013
0 350013
0 349013
0 348013
0 345013
0 344013
0 343013
0 342013
0 340013
0 339013
0 336013
0 335013
0 334013
0 332013
0 331013
0 328013
0 327013
0 326013
0 325013
0 323013
0 322013
0 320013
0 319013
0 318013
0 316013
0 315013
0 314013
0 313013
0 312013
0 311013
0 310013
0 308013
1 307013
0 302013
1 301013
0 299013
0 298013
1 297013
0 295013
0 294013
0 293013
0 288013
0 283013
0 282013
0 281013
0 278013
0 276013
0 275013
0 274013
0 273013
0 272013
0 271013
0 270013
0 269013
0 268013
0 267013
0 266013
0 265013
0 263013
0 262013
0 261013
0 260013
0 259013
0 258013
0 257013
0 256013
0 255013
0 254013
0 252013
0 251013
0 250013
0 247013
0 246013
0 241013
0 233013
0 232013
0 230013
0 229013
0 228013
0 227013
0 226013
0 225013
0 224013
0 223013
0 222013
0 219013
0 218013
0 216013
0 215013
0 214013
0 213013
0 212013
0 211013
0 210013
0 209013
0 208013
0 207013
0 206013
0 201013
0 200013
0 197013
0 196013
0 191013
1 190013
0 189013
0 188013
0 187013
0 186013
0 185013
0 182013
0 181013
0 179013
0 178013
0 177013
0 175013
0 173013
0 172013
0 168013
0 162013
0 161013
0 160013
0 159013
0 156013
0 155013
0 154013
0 153013
0 152013
1 150013
0 149013
0 148013
0 144013
0 143013
0 141013
0 140013
0 138013
0 137013
0 136013
0 135013
0 133013
0 132013
0 131013
0 130013
0 127013
0 125013
0 122013
0 121013
0 120013
0 119013
0 117013
0 115013
0 114013
0 112013
4 111013
0 109013
0 108013
0 107013
0 106013
0 100013
0 99013
0 98013
0 97013
0 95013
0 92013
0 91013
0 90013
0 89013
0 88013
0 87013
0 86013
0 84013
0 83013
0 82013
0 80013
0 79013
0 78013
0 76013
0 72013
0 69013
0 68013
0 67013
0 66013
0 65013
0 64013
0 63013
0 62013
0 61013
0 56013
0 55013
0 54013
0 50013
1 49013
0 48013
0 47013
0 46013
0 40013
0 38013
0 35013
0 32013
0 31013
0 30013
0 29013
0 27013
0 25013
0 22013
0 20013
0 17013
0 16013
0 15013
0 13013
0 12013
0 11013
0 10013
0 9013
1 7013
0 5013