4 5254025
0 5253025
5 5252025
5 5251025
0 5250025
2 5247025
0 5246025
4 5245025
5 5244025
5 5243025
0 5241025
1 5240025
0 5239025
0 5237025
2 5236025
0 5235025
0 5234025
4 5232025
0 5230025
1 5225025
5 5224025
0 5223025
2 5220025
2 5219025
0 5217025
0 5214025
4 5211025
4 5206025
0 5205025
4 5204025
4 5202025
4 5201025
0 5200025
0 5199025
0 5198025
1 5196025
0 5195025
0 5194025
4 5192025
0 5189025
0 5188025
0 5187025
0 5186025
0 5184025
4 5183025
4 5182025
0 5181025
0 5176025
0 5175025
0 5174025
0 5173025
0 5172025
0 5171025
0 5169025
0 5168025
0 5167025
0 5166025
0 5165025
0 5164025
0 5163025
0 5162025
0 5161025
0 5160025
0 5159025
0 5158025
0 5156025
0 5153025
5 5152025
0 5151025
0 5150025
0 5149025
0 5148025
0 5147025
0 5146025
0 5145025
0 5144025
0 5143025
0 5142025
0 5141025
0 5140025
0 5137025
0 5135025
0 5130025
0 5129025
0 5127025
0 5125025
0 5124025
0 5123025
0 5121025
0 5118025
0 5117025
0 5114025
0 5112025
0 5111025
0 5110025
0 5109025
0 5105025
0 5103025
0 5102025
0 5101025
0 5099025
0 5097025
0 5096025
0 5095025
1 5093025
1 5092025
1 5091025
1 5089025
0 5086025
0 5085025
0 5084025
0 5083025
0 5082025
0 5081025
0 5080025
0 5077025
0 5076025
0 5075025
0 5074025
0 5073025
0 5072025
0 5071025
0 5070025
0 5069025
0 5068025
0 5067025
0 5066025
0 5065025
0 5064025
0 5063025
0 5062025
0 5061025
0 5060025
0 5059025
0 5058025
0 5057025
0 5056025
0 5055025
0 5053025
0 5052025
0 5051025
0 5050025
0 5047025
0 5044025
0 5043025
0 5042025
0 5041025
0 5040025
0 5038025
0 5037025
0 5036025
0 5033025
0 5032025
0 5031025
0 5030025
0 5029025
0 5027025
0 5026025
0 5025025
0 5024025
0 5022025
0 5021025
0 5020025
0 5019025
0 5018025
0 5017025
0 5016025
0 5015025
0 5014025
0 5013025
0 5012025
0 5011025
0 5010025
0 5009025
0 5006025
0 5005025
0 5004025
0 5003025
0 5002025
0 4999025
0 4998025
0 4997025
0 4996025
0 4993025
0 4992025
0 4991025
0 4990025
0 4989025
1 4986025
0 4985025
0 4983025
0 4982025
0 4981025
0 4980025
0 4979025
0 4978025
1 4977025
0 4975025
0 4974025
0 4973025
0 4972025
0 4971025
0 4970025
0 4969025
0 4968025
0 4967025
0 4965025
0 4964025
0 4963025
0 4962025
0 4961025
0 4959025
0 4957025
0 4956025
0 4955025
0 4954025
1 4951025
0 4950025
0 4948025
0 4947025
0 4945025
0 4944025
0 4943025
0 4933025
0 4932025
0 4931025
0 4930025
0 4929025
0 4928025
0 4927025
0 4925025
0 4924025
0 4921025
0 4920025
0 4918025
0 4913025
0 4912025
0 4911025
0 4909025
0 4908025
0 4907025
0 4906025
0 4905025
0 4903025
0 4902025
0 4901025
0 4900025
0 4898025
0 4897025
0 4896025
0 4895025
0 4894025
0 4893025
0 4892025
0 4891025
0 4890025
0 4888025
0 4887025
0 4886025
0 4885025
0 4884025
0 4883025
1 4882025
0 4881025
0 4880025
0 4878025
0 4877025
0 4875025
0 4874025
0 4873025
0 4872025
0 4871025
0 4870025
0 4869025
0 4868025
0 4867025
0 4866025
0 4863025
0 4862025
0 4861025
0 4860025
0 4859025
0 4857025
0 4856025
0 4854025
0 4853025
0 4851025
0 4849025
0 4847025
0 4845025
0 4841025
0 4840025
0 4838025
0 4837025
0 4836025
0 4835025
0 4834025
0 4833025
0 4832025
0 4831025
0 4826025
0 4824025
0 4822025
0 4821025
0 4819025
0 4818025
0 4816025
0 4813025
0 4812025
0 4811025
0 4810025
0 4809025
0 4808025
0 4804025
0 4803025
0 4802025
0 4799025
0 4798025
0 4797025
0 4796025
0 4795025
0 4794025
0 4793025
0 4792025
0 4789025
0 4785025
0 4784025
0 4783025
0 4782025
0 4781025
0 4780025
0 4778025
0 4777025
0 4776025
1 4774025
0 4771025
0 4769025
0 4767025
0 4766025
0 4765025
0 4764025
0 4763025
0 4762025
0 4761025
0 4760025
0 4759025
0 4758025
0 4757025
0 4756025
0 4755025
0 4754025
0 4753025
0 4750025
0 4749025
0 4747025
0 4746025
0 4745025
0 4744025
0 4743025
0 4742025
0 4741025
0 4740025
0 4739025
0 4738025
0 4737025
0 4736025
0 4735025
0 4734025
0 4733025
0 4732025
0 4731025
0 4730025
0 4728025
0 4727025
0 4726025
0 4725025
0 4724025
0 4723025
0 4719025
0 4718025
0 4716025
0 4715025
0 4714025
0 4713025
0 4711025
0 4710025
0 4709025
0 4708025
0 4707025
0 4706025
1 4705025
0 4704025
0 4703025
0 4702025
0 4701025
0 4697025
0 4696025
0 4695025
0 4694025
0 4693025
0 4692025
0 4691025
0 4689025
0 4688025
0 4687025
0 4686025
0 4684025
0 4682025
0 4681025
1 4679025
0 4678025
0 4677025
0 4675025
0 4673025
0 4672025
0 4670025
0 4669025
0 4668025
0 4667025
0 4666025
0 4665025
0 4663025
0 4661025
1 4660025
1 4658025
0 4654025
0 4653025
0 4652025
0 4651025
0 4650025
0 4649025
0 4648025
0 4647025
0 4646025
0 4645025
0 4644025
0 4643025
0 4642025
0 4641025
0 4640025
0 4639025
0 4638025
0 4637025
0 4636025
0 4635025
0 4634025
0 4633025
0 4632025
0 4631025
0 4630025
0 4625025
1 4623025
0 4620025
0 4618025
0 4617025
0 4616025
0 4615025
1 4614025
0 4609025
0 4608025
0 4607025
0 4606025
0 4605025
0 4604025
0 4602025
0 4601025
0 4600025
0 4599025
0 4597025
0 4596025
0 4595025
0 4594025
0 4593025
0 4591025
0 4590025
0 4589025
0 4587025
0 4586025
0 4585025
0 4584025
0 4583025
0 4582025
1 4581025
0 4580025
0 4579025
0 4578025
0 4577025
0 4576025
0 4575025
0 4574025
0 4573025
0 4571025
0 4569025
0 4567025
0 4566025
0 4565025
1 4560025
1 4559025
0 4556025
0 4555025
0 4554025
0 4553025
0 4552025
0 4551025
0 4550025
0 4549025
0 4548025
0 4547025
0 4546025
0 4544025
0 4543025
0 4539025
0 4538025
0 4537025
0 4536025
0 4535025
0 4534025
0 4533025
0 4532025
0 4529025
0 4528025
0 4527025
0 4526025
0 4525025
0 4524025
0 4523025
0 4522025
0 4521025
0 4519025
0 4518025
0 4517025
1 2225025
1 2103025
1 30025
0 23025
0 19025
1 17025
1 16025
1 13025
0 12025
0 9025
0 6001
0 5001