0 1804013
0 1803013
0 1802013
0 1800013
0 1799013
0 1798013
0 1797013
0 1796013
0 1795013
0 1794013
0 1793013
0 1792013
0 1790013
0 1789013
0 1788013
0 1785013
0 1784013
0 1783013
0 1781013
0 1780013
0 1779013
0 1775013
0 1773013
0 1772013
0 1771013
0 1769013
0 1768013
0 1763013
0 1762013
0 1761013
0 1760013
0 1759013
0 1758013
0 1756013
0 1755013
0 1754013
1 1753013
0 1752013
0 1751013
0 1750013
0 1745013
0 1744013
0 1742013
0 1741013
0 1740013
0 1738013
0 1737013
0 1736013
1 1733013
0 1732013
0 1731013
0 1730013
0 1728013
0 1727013
0 1726013
0 1725013
0 1724013
0 1723013
0 1722013
0 1721013
0 1720013
0 1719013
0 1718013
0 1717013
0 1715013
0 1712013
0 1710013
0 1708013
0 1707013
0 1706013
0 1705013
0 1704013
0 1703013
0 1702013
0 1701013
0 1700013
0 1699013
0 1698013
0 1697013
0 1696013
0 1695013
0 1694013
0 1693013
0 1692013
0 1690013
0 1689013
0 1688013
0 1686013
0 1685013
0 1684013
0 1683013
0 1682013
0 1681013
0 1680013
0 1679013
0 1678013
0 1676013
0 1675013
0 1674013
0 1673013
0 1672013
0 1671013
0 1668013
0 1667013
0 1666013
0 1665013
0 1663013
0 1662013
0 1661013
0 1660013
0 1659013
0 1658013
0 1657013
0 1656013
0 1654013
0 1653013
0 1651013
0 1650013
0 1649013
0 1648013
0 1645013
0 1644013
0 1643013
0 1641013
0 1640013
0 1639013
0 1638013
0 1637013
0 1636013
0 1635013
0 1634013
0 1633013
0 1632013
0 1631013
0 1629013
0 1627013
0 1626013
0 1625013
0 1624013
0 1621013
0 1620013
0 1618013
0 1617013
0 1615013
0 1612013
0 1611013
0 1610013
0 1608013
0 1607013
0 1605013
0 1603013
0 1602013
0 1601013
0 1600013
0 1598013
0 1597013
0 1596013
0 1595013
0 1594013
0 1593013
0 1592013
0 1591013
0 1586013
0 1585013
0 1584013
0 1583013
0 1582013
0 1581013
0 1580013
0 1579013
0 1578013
0 1577013
0 1576013
0 1575013
0 1574013
0 1573013
0 1572013
0 1571013
0 1570013
0 1569013
0 1566013
0 1564013
0 1562013
0 1561013
0 1560013
0 1555013
0 1552013
0 1551013
0 1550013
0 1549013
0 1548013
0 1546013
0 1544013
0 1542013
0 1541013
0 1538013
0 1537013
0 1536013
0 1535013
0 1534013
0 1533013
0 1532013
0 1530013
0 1529013
0 1528013
0 1527013
0 1525013
0 1524013
0 1523013
0 1522013
0 1521013
0 1520013
0 1518013
0 1517013
0 1514013
0 1513013
0 1512013
0 1511013
0 1510013
0 1509013
0 1508013
0 1507013
0 1504013
0 1503013
0 1502013
0 1500013
0 1498013
0 1496013
0 1494013
0 1492013
0 1491013
0 1490013
0 1489013
0 1488013
1 1487013
0 1485013
0 1484013
0 1483013
0 1482013
0 1481013
0 1480013
0 1479013
0 1477013
0 1475013
0 1474013
0 1471013
0 1470013
0 1469013
0 1467013
0 1466013
0 1464013
0 1462013
0 1461013
0 1459013
0 1458013
1 1456013
0 1454013
0 1452013
0 1451013
0 1450013
0 1449013
0 1447013
0 1446013
0 1445013
0 1441013
0 1440013
0 1439013
0 1437013
0 1436013
0 1435013
0 1434013
0 1433013
0 1430013
0 1427013
0 1426013
0 1425013
0 1424013
0 1423013
0 1422013
0 1421013
0 1420013
1 1418013
0 1416013
0 1414013
0 1413013
0 1409013
0 1407013
1 1406013
0 1404013
0 1403013
0 1402013
0 1401013
0 1400013
0 1399013
0 1395013
0 1393013
0 1392013
0 1390013
0 1389013
0 1388013
0 1387013
0 1386013
0 1385013
0 1383013
0 1382013
0 1381013
0 1380013
0 1378013
0 1377013
0 1376013
0 1375013
0 1374013
0 1373013
0 1372013
0 1371013
0 1370013
0 1369013
0 1367013
0 1366013
0 1364013
0 1362013
0 1359013
0 1356013
0 1354013
0 1353013
0 1352013
0 1351013
0 1350013
0 1347013
0 1345013
0 1344013
0 1343013
0 1341013
0 1340013
0 1339013
0 1336013
0 1335013
0 1334013
0 1333013
0 1332013
0 1330013
0 1329013
0 1328013
0 1325013
0 1324013
0 1323013
0 1320013
0 1319013
0 1316013
0 1313013
0 1312013
0 1311013
0 1309013
0 1308013
0 1307013
0 1306013
0 1302013
0 1301013
0 1299013
0 1298013
0 1297013
0 1296013
0 1295013
0 1294013
0 1293013
0 1292013
0 1289013
0 1287013
0 1286013
0 1282013
0 1281013
0 1280013
0 1279013
0 1278013
0 1277013
0 1276013
0 1274013
0 1272013
0 1271013
0 1269013
0 1267013
0 1266013
0 1263013
0 1262013
0 1261013
0 1260013
0 1259013
0 1258013
0 1255013
0 1254013
0 1253013
0 1252013
0 1251013
0 1250013
0 1249013
0 1247013
0 1246013
0 1245013
0 1244013
0 1243013
0 1242013
0 1241013
0 1238013
0 1236013
0 1234013
0 1233013
0 1231013
0 1228013
0 1225013
0 1224013
0 1223013
1 1222013
0 1219013
1 1216013
0 1214013
0 1212013
0 1207013
0 1206013
0 1203013
0 1202013
0 1201013
0 1200013
0 1196013
0 1194013
0 1193013
0 1192013
0 1191013
0 1190013
0 1188013
0 1187013
0 1186013
0 1181013
0 1180013
0 1179013
0 1178013
0 1177013
0 1175013
0 1174013
0 1173013
0 1172013
0 1171013
0 1169013
0 1168013
0 1166013
0 1165013
0 1164013
0 1163013
0 1162013
0 1158013
0 1157013
0 1155013
0 1150013
0 1149013
0 1148013
0 1147013
0 1146013
0 1145013
0 1144013
0 1140013
0 1139013
1 1138013
0 1134013
0 1133013
0 1132013
0 1129013
0 1126013
0 1124013
0 1123013
0 1118013
0 1117013
0 1116013
0 1115013
0 1114013
0 1113013
0 1112013
0 1111013
0 1108013
0 1105013
0 1104013
0 1103013
0 1101013
0 1099013
0 1098013
0 1097013
0 1095013
0 1094013
0 1093013
0 1092013
0 1090013
0 1089013
0 1088013
0 1087013
0 1085013
0 1084013
0 1080013
0 1079013
0 1077013
0 1076013
0 1073013
0 1072013
0 1070013
0 1068013
0 1065013
0 1064013
0 1063013
0 1062013
0 1061013
0 1060013
0 1059013
0 1058013
0 1057013
0 1056013
0 1054013
0 1053013
0 1052013
0 1051013
0 1050013
0 1049013
0 1047013
0 1046013
0 1045013
0 1043013
0 1041013
0 1038013
0 1037013
0 1034013
0 1033013
0 1031013
0 1029013
0 1027013
0 1026013
0 1025013
0 1023013
0 1021013
0 1020013
0 1018013
0 1017013
0 1016013
0 1015013
0 1014013
0 1011013
0 1010013
0 1009013
0 1008013
0 1007013
0 1006013
0 1004013
0 1002013
0 1000013
0 999013
0 998013
0 997013
0 996013
0 995013
0 991013
0 990013
0 989013
0 988013
0 987013
0 986013
0 985013
0 983013
0 982013
0 981013
0 980013
0 979013
0 978013
0 977013
0 976013
0 975013
0 974013
0 972013
0 969013
0 968013
0 967013
0 966013
0 965013
0 963013
0 961013
0 960013
0 959013
0 957013
0 956013
0 955013
0 952013
0 950013
0 948013
0 947013
0 946013
0 945013
0 944013
0 943013
0 941013
0 940013
0 938013
0 937013
0 936013
0 935013
0 932013
0 931013
0 929013
0 928013
0 927013
0 926013
0 925013
0 924013
0 923013
0 922013
0 920013
0 919013
0 918013
0 917013
0 915013
0 913013
0 909013
0 908013
0 907013
0 906013
0 905013
0 904013
0 903013
0 902013
0 901013
0 900013
0 899013
0 898013
0 897013
0 896013
0 895013
0 894013
0 892013
0 891013
0 890013
0 889013
0 888013
0 887013
0 886013
0 885013
0 884013
0 882013
0 881013
0 880013
0 878013
0 872013
0 871013
0 869013
0 868013
0 867013
0 866013
0 865013
0 864013
0 863013
0 861013
0 860013
0 859013
0 858013
0 857013
0 856013
0 854013
0 853013
0 850013
0 848013
0 847013
0 846013
0 845013
0 843013
0 842013
0 839013
0 838013
0 837013
0 835013
0 834013
0 833013
0 832013
0 831013
0 830013
0 829013
0 827013
0 826013
0 825013
0 823013
0 822013
0 821013
0 819013
0 818013
0 817013
0 816013
0 815013
0 814013
0 813013
0 812013
0 811013
0 810013
0 809013
0 808013
0 807013
0 805013
0 803013
0 802013
0 801013
1 797013
0 796013
0 795013
0 794013
0 793013
0 791013
1 789013
0 788013
0 787013
0 786013
0 785013
0 783013
0 782013
0 779013
0 778013
0 776013
0 775013
0 774013
0 773013
0 772013
0 771013
0 769013
0 768013
0 767013
0 766013
0 765013
0 763013
0 762013
0 761013
0 759013
0 755013
0 754013
0 753013
0 752013
0 751013
0 749013
0 748013
0 747013
0 746013
0 745013
0 744013
0 742013
0 741013
0 740013
0 739013
0 738013
0 737013
0 736013
0 734013
0 732013
0 731013
0 730013
0 729013
0 728013
0 726013
0 725013
0 724013
0 723013
0 722013
0 721013
0 720013
0 719013
0 718013
0 717013
0 716013
0 714013
0 711013
0 710013
0 709013
0 706013
0 705013
0 704013
0 701013
0 700013
0 699013
0 698013
0 697013
0 695013
0 693013
0 692013
0 689013
0 687013
0 685013
0 684013
0 683013
0 682013
0 681013
0 680013
0 679013
0 678013
0 677013
0 676013
0 675013
0 674013
0 673013
0 672013
0 671013
0 668013
0 666013
0 665013
0 664013
0 663013
0 662013
0 660013
0 659013
0 657013
0 656013
0 655013
0 654013
0 653013
0 652013
0 651013
0 650013
0 649013
0 648013
0 647013
0 646013
0 643013
0 641013
0 640013
0 639013
0 638013
0 635013
0 634013
0 633013
0 632013
0 631013
0 630013
0 626013
0 625013
0 624013
0 620013
0 619013
0 618013
0 617013
0 615013
0 614013
0 613013
0 612013
1 608013
0 606013
0 605013
0 604013
0 603013
0 599013
0 598013
0 597013
0 596013
0 592013
0 591013
0 590013
0 589013
0 585013
0 584013
0 583013
0 581013
0 580013
0 579013
0 577013
0 576013
0 575013
0 572013
0 571013
0 570013
0 567013
0 566013
0 565013
0 563013
0 560013
0 557013
0 556013
0 555013
0 553013
0 550013
0 549013
0 548013
0 546013
0 544013
0 543013
0 542013
0 540013
0 536013
0 535013
0 534013
0 532013
0 531013
0 529013
0 527013
0 526013
0 525013
0 524013
0 523013
0 522013
0 520013
0 519013
0 518013
0 517013
0 516013
0 515013
0 514013
0 513013
0 511013
0 510013
0 508013
0 507013
0 505013
0 504013
0 502013
0 501013
0 500013
0 498013
0 497013
0 495013
0 492013
0 488013
0 484013
1 483013
0 482013
0 481013
0 480013
0 478013
0 477013
0 476013
0 474013
0 470013
0 469013
0 468013
0 466013
0 465013
0 464013
0 462013
0 459013
0 458013
0 457013
0 456013
0 455013
0 454013
0 453013
0 450013
0 449013
0 448013
0 445013
0 444013
0 439013
0 438013
0 436013
0 435013
0 434013
1 433013
0 429013
0 428013
0 424013
0 423013
0 422013
0 421013
0 419013
0 418013
0 414013
0 411013
0 408013
0 407013
0 406013
0 405013
0 404013
0 403013
0 401013
0 400013
0 399013
0 398013
0 397013
0 396013
0 395013
0 394013
0 393013
1 392013
0 391013
0 388013
0 387013
0 386013
0 385013
0 384013
0 383013
0 382013
0 381013
0 380013
0 379013
0 376013
0 374013
0 372013
1 370013
1 369013
0 368013
0 367013
0 364013
0 363013
0 362013
1 361013
1 360013
0 358013
0 357013
0 354013
0 353013
0 350013
0 349013
0 348013
0 345013
0 344013
0 343013
0 342013
0 340013
0 339013
0 336013
0 335013
0 334013
0 332013
0 331013
0 328013
0 327013
0 326013
0 325013
0 323013
0 322013
0 320013
0 319013
0 318013
0 316013
0 315013
0 314013
0 313013
0 312013
0 311013
0 310013
0 308013
1 307013
0 302013
1 301013
0 299013
0 298013
1 297013
0 295013
0 294013
0 293013
0 288013
0 283013
0 282013
0 281013
0 278013
0 276013
0 275013
0 274013
0 273013
0 272013
0 271013
0 270013
0 269013
0 268013
0 267013
0 266013
0 265013
0 263013
0 262013
0 261013
0 260013
0 259013
0 258013
0 257013
0 256013
0 255013
0 254013
0 252013
0 251013
0 250013
0 247013
0 246013
0 241013
0 233013
0 232013
0 230013
0 229013
0 228013
0 227013
0 226013
0 225013
0 224013
0 223013
0 222013
0 219013
0 218013
0 216013
0 215013
0 214013
0 213013
0 212013
0 211013
0 210013
0 209013
0 208013
0 207013
0 206013
0 201013
0 200013
0 197013
0 196013
0 191013
1 190013
0 189013
0 188013
0 187013
0 186013
0 185013
0 182013
0 181013
0 179013
0 178013
0 177013
0 175013
0 173013
0 172013
0 168013
0 162013
0 161013
0 160013
0 159013
0 156013
0 155013
0 154013
0 153013
0 152013
1 150013
0 149013
0 148013
0 144013
0 143013
0 141013
0 140013
0 138013
0 137013
0 136013
0 135013
0 133013
0 132013
0 131013
0 130013
0 127013
0 125013
0 122013
0 121013
0 120013
0 119013
0 117013
0 115013
0 114013
0 112013
4 111013
0 109013
0 108013
0 107013
0 106013
0 100013
0 99013
0 98013
0 97013
0 95013
0 92013
0 91013
0 90013
0 89013
0 88013
0 87013
0 86013
0 84013
0 83013
0 82013
0 80013
0 79013
0 78013
0 76013
0 72013
0 69013
0 68013
0 67013
0 66013
0 65013
0 64013
0 63013
0 62013
0 61013
0 56013
0 55013
0 54013
0 50013
1 49013
0 48013
0 47013
0 46013
0 40013
0 38013
0 35013
0 32013
0 31013
0 30013
0 29013
0 27013
0 25013
0 22013
0 20013
0 17013
0 16013
0 15013
0 13013
0 12013
0 11013
0 10013
0 9013
1 7013
0 5013