4 4922013
4 4919013
0 2436013
0 2435013
0 2434013
0 2433013
0 2432013
0 2431013
0 2430013
0 2427013
0 2426013
0 2423013
0 2421013
0 2417013
0 2414013
0 2413013
0 2411013
0 2410013
0 2409013
0 2408013
0 2407013
0 2406013
0 2405013
0 2404013
0 2401013
0 2400013
0 2398013
0 2397013
0 2396013
0 2395013
0 2387013
0 2386013
0 2385013
0 2384013
0 2383013
0 2382013
0 2381013
0 2379013
0 2378013
0 2377013
0 2376013
0 2371013
0 2370013
0 2369013
0 2368013
0 2367013
0 2366013
0 2365013
0 2364013
0 2363013
0 2362013
0 2361013
0 2359013
0 2358013
0 2357013
0 2356013
0 2355013
0 2354013
0 2352013
0 2351013
0 2348013
0 2344013
0 2343013
0 2342013
0 2341013
0 2340013
0 2339013
0 2337013
0 2336013
0 2335013
0 2334013
0 2332013
0 2331013
0 2330013
0 2329013
0 2328013
0 2327013
0 2326013
0 2325013
0 2324013
0 2323013
0 2322013
0 2321013
0 2320013
0 2319013
0 2318013
0 2317013
0 2316013
0 2315013
0 2313013
0 2311013
0 2307013
0 2306013
0 2305013
0 2304013
0 2303013
0 2302013
0 2299013
0 2298013
0 2295013
0 2294013
0 2293013
0 2292013
0 2290013
0 2289013
0 2287013
0 2286013
0 2284013
0 2283013
0 2280013
0 2275013
0 2274013
0 2273013
0 2272013
0 2271013
0 2270013
0 2269013
0 2268013
0 2267013
0 2266013
0 2265013
0 2264013
0 2263013
0 2262013
0 2261013
0 2259013
0 2258013
0 2257013
0 2254013
0 2253013
0 2251013
0 2250013
0 2249013
0 2248013
0 2247013
0 2246013
0 2244013
0 2243013
0 2242013
0 2240013
0 2239013
0 2238013
0 2237013
0 2236013
0 2235013
0 2234013
0 2233013
0 2232013
0 2231013
0 2230013
0 2229013
0 2228013
0 2227013
0 2226013
0 2225013
0 2224013
0 2222013
0 2221013
0 2220013
0 2219013
0 2218013
0 2217013
0 2216013
0 2215013
0 2214013
0 2213013
0 2212013
0 2211013
0 2210013
0 2207013
0 2204013
0 2201013
0 2199013
0 2198013
0 2196013
0 2194013
0 2193013
0 2191013
0 2190013
0 2189013
0 2188013
0 2187013
0 2183013
0 2180013
0 2178013
0 2175013
0 2174013
0 2173013
0 2172013
0 2171013
0 2170013
0 2169013
0 2167013
0 2164013
0 2159013
0 2157013
0 2156013
0 2153013
0 2152013
0 2151013
0 2150013
0 2149013
0 2148013
0 2146013
0 2144013
0 2142013
0 2141013
0 2139013
0 2138013
0 2137013
0 2134013
0 2133013
0 2132013
0 2130013
0 2129013
0 2128013
0 2127013
0 2126013
0 2125013
0 2122013
0 2121013
0 2120013
0 2119013
0 2118013
0 2117013
0 2115013
0 2114013
0 2113013
0 2112013
0 2111013
0 2110013
0 2109013
0 2108013
0 2107013
0 2106013
0 2105013
0 2104013
0 2103013
0 2102013
0 2100013
0 2099013
0 2098013
0 2097013
0 2095013
0 2094013
0 2093013
0 2092013
0 2091013
0 2090013
0 2088013
0 2086013
0 2085013
0 2084013
0 2083013
0 2082013
0 2080013
0 2078013
0 2077013
0 2076013
0 2075013
0 2074013
0 2073013
0 2071013
0 2069013
0 2065013
0 2063013
0 2062013
0 2060013
0 2058013
0 2057013
0 2054013
0 2051013
0 2050013
0 2048013
0 2047013
0 2046013
0 2045013
0 2044013
0 2043013
0 2042013
0 2041013
0 2005013
0 2004013
0 2003013
0 1992013
0 1991013
0 1990013
0 1989013
0 1987013
0 1984013
0 1983013
0 1982013