0 5069170
0 5066170
0 5065170
0 5064170
0 5063170
0 5062170
0 5060170
0 5059170
0 5057170
0 5056170
0 5054170
0 5052170
0 5051170
0 5050170
0 5048170
0 5047170
0 5045170
0 5044170
0 5043170
0 5042170
0 5041170
0 5039170
0 5037170
0 5036170
0 5035170
0 5034170
0 5033170
0 5032170
0 5031170
0 5030170
0 5029170
0 5028170
0 5027170
0 5026170
0 5025170
0 5024170
0 5023170
0 5022170
0 5021170
0 5020170
0 5019170
0 5018170
0 5017170
0 5016170
0 5015170
0 5014170
0 5013170
0 5012170
0 5011170
0 5010170
0 5009170
0 5008170
0 5007170
0 5006170
0 5004170
0 5003170
0 5002170
0 5000170
0 4998170
0 4996170
0 4995170
0 4994170
0 4990170
0 4989170
0 4988170
0 4985170
0 4984170
0 4983170
0 4982170
0 4980170
0 4979170
0 4978170
0 4973170
0 4972170
0 4971170
0 4970170
0 4968170
0 4967170
0 4966170
0 4964170
0 4962170
1 4961170
1 4960170
0 4959170
0 4958170
0 4957170
0 4956170
0 4955170
0 4954170
0 4953170
0 4952170
0 4950170
0 4949170
0 4948170
0 4947170
0 4945170
0 4944170
0 4942170
0 4941170
0 4940170
0 4939170
0 4935170
0 4934170
0 4933170
0 4931170
0 4930170
0 4928170
0 4926170
0 4925170
0 4924170
0 4923170
0 4922170
0 4921170
0 4918170
0 4917170
0 4915170
0 4914170
0 4913170
0 4910170
0 4908170
0 4906170
1 4905170
0 4904170
0 4903170
0 4902170
0 4901170
0 4897170
0 4891170
0 4889170
0 4888170
0 4886170
0 4883170
0 4881170
0 4879170
0 4877170
0 4876170
1 4874170
1 4873170
1 4872170
0 4870170
0 4869170
0 4867170
0 4865170
1 4864170
0 4863170
0 4861170
0 4859170
0 4858170
0 4856170
0 4855170
0 4854170
0 4851170
0 4850170
0 4849170
0 4847170
0 4846170
0 4845170
0 4844170
0 4843170
0 4841170
0 4840170
0 4839170
0 4838170
0 4837170
0 4836170
0 4834170
0 4832170
0 4831170
0 4830170
0 4829170
0 4828170
0 4827170
0 4826170
1 4825170
0 4823170
0 4821170
0 4820170
0 4818170
0 4811170
0 4810170
0 4808170
0 4798170
0 4797170
0 4795170
0 4792170
1 4789170
0 4788170
0 4787170
0 4783170
0 4782170
0 4780170
0 4779170
0 4774170
1 4769170
0 4767170
0 4766170
0 4765170
0 4764170
0 4763170
0 4762170
0 4758170
0 4757170
0 4756170
0 4755170
0 4754170
0 4752170
0 4751170
0 4749170
0 4748170
0 4747170
0 4746170
0 4744170
0 4742170
0 4740170
0 4739170
0 4736170
0 4734170
0 4733170
1 4732170
1 4730170
1 4729170
0 4728170
0 4727170
0 4726170
0 4725170
0 4724170
0 4723170
0 4722170
0 4721170
0 4720170
0 4719170
0 4718170
0 4715170
0 4714170
0 4712170
0 4711170
0 4710170
0 4709170
0 4708170
0 4707170
0 4706170
0 4705170
0 4704170
0 4703170
0 4701170
0 4699170
0 4698170
0 4697170
0 4693170
0 4692170
0 4691170
1 4690170
1 4689170
0 4688170
0 4687170
0 4686170
0 4685170
0 4684170
0 4682170
0 4681170
0 4678170
0 4677170
0 4676170
0 4674170
0 4673170
0 4672170
0 4671170
0 4670170
0 4668170
0 4667170
0 4666170
0 4665170
0 4663170
0 4660170
0 4659170
0 4658170
0 4657170
0 4656170
1 4655170
0 4654170
0 4653170
0 4651170
0 4648170
0 4647170
0 4646170
0 4645170
0 4644170
0 4643170
0 4642170
1 4641170
0 4639170
0 4636170
0 4635170
0 4634170
0 4633170
0 4632170
0 4631170
1 4630170
0 4629170
0 4628170
0 4627170
0 4626170
0 4625170
0 4624170
0 4622170
0 4621170
0 4620170
0 4618170
0 4617170
0 4616170
0 4615170
0 4614170
0 4613170
0 4611170
0 4609170
0 4608170
0 4607170
0 4606170
0 4605170
0 4604170
0 4603170
0 4602170
0 4601170
0 4600170
0 4599170
0 4598170
0 4595170
0 4594170
0 4593170
0 4589170
0 4588170
0 4587170
0 4586170
0 4578170
0 4576170
0 4575170
0 4573170
0 4572170
0 4571170
0 4570170
0 4567170
0 4566170
0 4564170
0 4563170
0 4562170
0 4561170
0 4559170
0 4558170
0 4556170
0 4555170
0 4553170
0 4552170
0 4551170
0 4550170
0 4547170
0 4545170
0 4544170
0 4543170
0 4542170
0 4541170
0 4540170
0 4539170
1 4538170
0 4537170
0 4534170
0 4533170
0 4532170
0 4531170
0 4530170
0 4528170
0 4526170
0 4525170
0 4524170
0 4523170
0 4522170
0 4521170
0 4520170
0 4519170
0 4518170
0 4516170
0 4515170
0 4514170
0 4513170
0 4512170
0 4509170
0 4508170
0 4507170
0 4506170
0 4504170
0 4502170
0 4501170
0 4500170
0 4499170
0 4498170
0 4497170
0 4495170
0 4494170
0 4493170
0 4492170
0 4491170
0 4489170
0 4488170
0 4483170
0 4481170
0 4480170
0 4479170
0 4478170
0 4477170
0 4476170
0 4473170
0 4471170
1 4469170
0 4468170
0 4467170
0 4466170
0 4465170
0 4463170
0 4462170
0 4460170
1 4459170
1 4457170
0 4456170
0 4455170
0 4454170
0 4453170
0 4452170
0 4450170
0 4448170
0 4447170
0 4445170
0 4443170
0 4440170
0 4439170
0 4438170
0 4436170
0 4434170
0 4433170
0 4431170
1 4429170
0 4428170
0 4427170
0 4426170
0 4424170
0 4421170
0 4420170
0 4419170
0 4418170
0 4416170
0 4415170
0 4414170
0 4413170
0 4412170
0 4410170
0 4409170
0 4408170
0 4407170
0 4406170
0 4405170
0 4404170
0 4401170
0 4397170
0 4394170
1 4393170
0 4392170
0 4391170
0 4388170
0 4387170
0 4385170
0 4384170
0 4383170
0 4382170
0 4381170
0 4380170
0 4379170
0 4378170
0 4375170
0 4374170
1 4373170
0 4372170
0 4370170
0 4367170
0 4366170
1 4365170
0 4364170
0 4363170
0 4362170
0 4360170
0 4358170
0 4355170
0 4353170
0 4352170
0 4345170
0 4343170
0 4341170
0 4340170
0 4338170
0 4337170
0 4335170
0 4334170
0 4332170
0 4331170
0 4330170
0 4329170
0 4328170
0 4327170
0 4326170
0 4324170
0 4323170
0 4322170
0 4321170
0 4320170
0 4319170
0 4318170
0 4317170
0 4314170
0 4313170
1 4312170
0 4311170
1 4310170
0 4308170
0 4306170
0 4305170
0 4302170
0 4301170
0 4299170
0 4298170
0 4297170
0 4296170
0 4294170
0 4291170
0 4289170
0 4288170
1 4287170
0 4280170
0 4279170
0 4278170
0 4277170
0 4276170
0 4274170
0 4273170
0 4272170
0 4270170
1 4268170
0 4267170
0 4265170
0 4264170
0 4263170
0 4262170
0 4260170
0 4259170
0 4258170
0 4256170
0 4255170
0 4254170
0 4253170
1 4251170
0 4250170
0 4248170
0 4247170
0 4244170
0 4240170
0 4239170
0 4238170
0 4236170
0 4234170
0 4233170
0 4231170
0 4230170
0 4229170
0 4228170
0 4225170
0 4224170
0 4222170
0 4221170
0 4220170
0 4218170
0 4217170
0 4216170
0 4215170
0 4214170
0 4212170
0 4211170
0 4210170
0 4209170
0 4208170
0 4207170
0 4206170
0 4203170
0 4202170
1 4201170
0 4199170
0 4198170
0 4197170
0 4193170
0 4192170
0 4191170
0 4190170
0 4189170
0 4188170
0 4187170
0 4186170
0 4185170
0 4184170
0 4183170
0 4182170
0 4181170
0 4180170
0 4179170
0 4178170
1 4174170
0 4173170
0 4172170
0 4171170
0 4170170
0 4169170
0 4168170
0 4167170
0 4166170
0 4165170
1 4164170
0 4161170
0 4160170
0 4157170
0 4155170
0 4152170
0 4151170
0 4150170
0 4149170
0 4148170
0 4146170
0 4145170
0 4144170
0 4137170
0 4136170
0 4135170
0 4134170
0 4133170
0 4128170
1 4127170
0 4126170
0 4122170
0 4121170
0 4120170
1 4119170
0 4118170
0 4117170
0 4116170
0 4115170
0 4114170
0 4113170
0 4112170
0 4110170
1 4108170
0 4107170
0 4106170
0 4105170
0 4104170
1 4103170
0 4101170
0 4100170
0 4098170
0 4096170
1 4095170
1 4094170
1 4093170
0 4087170
0 4086170
0 4084170
0 4083170
0 4082170
0 4080170
0 4079170
0 4078170
0 4077170
0 4075170
0 4074170
0 4072170
0 4069170
0 4068170
0 4067170
0 4066170
0 4065170
0 4064170
0 4061170
0 4060170
1 4058170
0 4057170
0 4056170
0 4055170
0 4053170
0 4047170
0 4046170
1 4040170
0 4039170
1 4037170
0 4036170
1 4035170
0 4031170
0 4030170
0 4029170
1 4028170
0 4027170
1 4026170
0 4023170
0 4022170
0 4019170
0 4016170
0 4013170
0 4012170
0 4011170
0 4010170
0 4009170
0 4006170
0 4005170
0 4003170
0 4001170
0 4000170
0 3999170
0 3998170
0 3997170
0 3996170
0 3995170
0 3994170
0 3993170
0 3989170
0 3987170
0 3985170
0 3984170
0 3982170
1 3978170
1 3976170
0 3974170
0 3973170
1 3972170
0 3970170
0 3969170
0 3968170
0 3966170
0 3965170
0 3962170
1 3961170
0 3960170
0 3958170
1 3957170
0 3955170
0 3954170
0 3952170
0 3951170
0 3950170
0 3949170
0 3948170
0 3947170
0 3946170
0 3944170
0 3943170
0 3942170
0 3941170
0 3940170
0 3939170
0 3938170
0 3937170
0 3936170
0 3935170
1 3934170
0 3933170
0 3932170
0 3931170
0 3929170
0 3928170
0 3927170
0 3926170
0 3925170
0 3924170
0 3921170
0 3920170
0 3919170
0 3918170
0 3917170
0 3916170
0 3915170
0 3913170
0 3912170
0 3910170
0 3909170
0 3908170
0 3905170
0 3903170
0 3902170
0 3901170
0 3900170
0 3899170
0 3898170
0 3897170
0 3896170
0 3894170
0 3893170
0 3892170
0 3891170
0 3890170
0 3889170
0 3888170
0 3887170
0 3886170
0 3885170
0 3884170
0 3883170
0 3882170
0 3880170
0 3879170
0 3875170
0 3874170
0 3873170
0 3872170
0 3871170
0 3870170
0 3869170
0 3868170
0 3867170
0 3866170
0 3865170
0 3863170
0 3861170
0 3860170
0 3859170
0 3858170
0 3857170
0 3856170
0 3855170
1 3853170
0 3852170
0 3851170
1 3850170
0 3849170
0 3848170
0 3845170
0 3844170
0 3843170
0 3842170
0 3835170
0 3834170
0 3833170
0 3832170
0 3831170
0 3830170
0 3828170
1 3827170
0 3826170
1 3824170
1 3823170
0 3821170
0 3819170
4 3818170
0 3817170
0 3815170
1 3813170
0 3812170
0 3811170
0 3809170
0 3808170
0 3807170
0 3801170
0 3800170
0 3796170
0 3795170
0 3794170
0 3793170
0 3791170
0 3788170
0 3787170
0 3786170
0 3783170
0 3781170
0 3780170
0 3778170
0 3777170
0 3776170
0 3775170
0 3772170
0 3771170
0 3770170
0 3769170
0 3767170
0 3765170
0 3764170
0 3763170
0 3762170
0 3759170
0 3757170
0 3754170
0 3753170
1 3752170
0 3751170
0 3750170
1 3749170
1 3745170
0 3744170
0 3743170
0 3735170
0 3731170
0 3730170
1 3728170
1 3726170
1 3725170
1 3724170
0 3722170
0 3721170
0 3718170
0 3715170
0 3713170
0 3712170
0 3711170
0 3710170
0 3709170
1 3708170
0 3707170
0 3706170
1 3702170
0 3701170
0 3699170
0 3698170
0 3697170
1 3696170
0 3691170
0 3689170
0 3685170
0 3684170
0 3683170
0 3682170
0 3680170
0 3679170
0 3678170
0 3677170
0 3676170
0 3675170
0 3674170
0 3672170
0 3667170
0 3664170
1 3663170
0 3662170
0 3661170
0 3657170
0 3654170
0 3653170
1 3650170
0 3649170
0 3648170
1 3645170
1 3644170
1 3642170
0 3638170
0 3637170
0 3636170
0 3635170
0 3632170
0 3631170
0 3630170
0 3629170
0 3627170
0 3625170
0 3624170
1 3623170
0 3622170
0 3621170
0 3620170
0 3619170
0 3616170
0 3611170
0 3610170
0 3609170
0 3607170
0 3604170
0 3601170
0 3600170
0 3598170
0 3596170
0 3595170
0 3594170
0 3593170
0 3592170
0 3591170
0 3589170
0 3588170
0 3587170
1 3586170
0 3585170
0 3584170
0 3581170
0 3577170
0 3576170
0 3575170
0 3574170
0 3573170
0 3568170
0 3567170
0 3566170
0 3565170
0 3564170
0 3563170
0 3562170
0 3561170
0 3560170
0 3559170
0 3558170
0 3557170
0 3556170
0 3555170
0 3554170
0 3553170
0 3552170
0 3551170
1 3549170
0 3548170
0 3547170
0 3546170
0 3544170
0 3543170
0 3542170
0 3541170
0 3540170
0 3539170
1 3538170
1 3537170
0 3534170
0 3532170
0 3531170
0 3529170
0 3528170
0 3527170
0 3526170
0 3525170
1 3524170
0 3523170
0 3521170
0 3520170
0 3519170
0 3518170
0 3517170
0 3516170
0 3515170
0 3514170
0 3512170
0 3511170
0 3509170
0 3508170
0 3507170
0 3505170
0 3504170
0 3502170
0 3500170
0 3497170
0 3496170
1 3492170
0 3490170
0 3488170
0 3487170
0 3485170
0 3482170
0 3480170
0 3478170
0 3475170
0 3474170
0 3473170
0 3471170
0 3469170
0 3468170
0 3467170
0 3466170
0 3463170
0 3462170
0 3460170
0 3459170
0 3458170
0 3454170
1 3453170
0 3452170
0 3451170
0 3450170
0 3449170
0 3448170
0 3447170
0 3446170
0 3445170
0 3440170
0 3437170
0 3436170
1 3435170
1 3434170
0 3433170
0 3427170
1 3426170
0 3425170
1 3424170
0 3423170
0 3422170
0 3421170
0 3418170
1 3416170
0 3415170
0 3413170
0 3412170
0 3409170
0 3405170
0 3404170
0 3402170
0 3401170
0 3400170
1 3399170
0 3398170
0 3396170
0 3395170
0 3394170
0 3393170
0 3392170
0 3391170
0 3390170
0 3388170
0 3387170
0 3386170
0 3379170
0 3378170
0 3377170
1 3376170
1 3375170
0 3374170
0 3372170
0 3370170
0 3369170
0 3368170
0 3366170
0 3365170
0 3364170
0 3362170
0 3360170
0 3359170
0 3358170
0 3357170
0 3356170
0 3355170
0 3354170
0 3351170
1 3350170
0 3349170
0 3348170
0 3347170
0 3345170
0 3344170
0 3341170
0 3340170
0 3339170
0 3336170
0 3334170
0 3333170
0 3326170
0 3322170
0 3321170
0 3320170
0 3319170
0 3318170
0 3309170
0 3306170
0 3305170
0 3304170
0 3303170
0 3302170
0 3301170
0 3300170
0 3298170
0 3297170
0 3296170
0 3293170
0 3292170
0 3291170
0 3290170
0 3289170
0 3288170
0 3287170
0 3286170
0 3283170
0 3282170
0 3281170
0 3280170
1 3278170
0 3276170
0 3275170
0 3274170
1 3272170
1 3271170
1 3265170
1 3263170
0 3260170
0 3256170
0 3255170
0 3254170
0 3252170
0 3251170
0 3250170
0 3249170
0 3248170
0 3247170
1 3245170
0 3244170
0 3243170
0 3242170
0 3241170
0 3239170
0 3237170
1 3235170
0 3231170
0 3230170
0 3228170
0 3227170
0 3226170
0 3225170
0 3222170
1 3220170
0 3218170
1 3217170
1 3215170
1 3214170
0 3213170
0 3211170
1 3210170
0 3208170
0 3204170
0 3203170
0 3202170
0 3201170
0 3200170
0 3197170
0 3195170
0 3193170
0 3191170
0 3190170
0 3189170
0 3188170
0 3187170
0 3186170
0 3185170
0 3184170
0 3183170
0 3182170
0 3181170
0 3180170
0 3179170
0 3178170
0 3177170
0 3176170
0 3175170
0 3174170
0 3173170
0 3172170
0 3171170
0 3170170
0 3169170
1 3168170
0 3167170
0 3166170
0 3165170
0 3164170
0 3163170
0 3162170
0 3161170
0 3160170
0 3159170
0 3158170
0 3157170
0 3156170
0 3155170
0 3153170
0 3152170
0 3151170
0 3149170
1 3147170
0 3146170
0 3145170
0 3144170
0 3143170
0 3142170
0 3140170
0 3139170
0 3138170
0 3136170
0 3134170
1 3133170
1 3132170
0 3131170
0 3130170
0 3129170
0 3128170
0 3127170
0 3126170
0 3125170
0 3124170
0 3123170
0 3122170
0 3121170
0 3119170
0 3118170
0 3116170
0 3115170
0 3114170
0 3113170
0 3112170
1 3110170
1 3109170
1 3108170
0 3107170
0 3103170
0 3102170
0 3101170
0 3100170
0 3099170
0 3098170
0 3096170
0 3095170
0 3092170
0 3090170
0 3087170
0 3086170
1 3085170
0 3084170
0 3083170
0 3079170
0 3078170
0 3077170
0 3074170
0 3073170
0 3071170
0 3070170
0 3069170
0 3068170
0 3067170
0 3066170
0 3065170
0 3064170
0 3061170
0 3060170
0 3059170
0 3055170
0 3054170
0 3053170
0 3052170
0 3051170
0 3049170
0 3048170
0 3046170
0 3045170
0 3044170
0 3043170
0 3042170
1 3041170
1 3040170
0 3039170
0 3038170
0 3037170
0 3036170
0 3035170
1 3033170
0 3032170
0 3031170
0 3030170
0 3029170
0 3028170
0 3025170
1 3024170
1 3023170
1 3022170
1 3021170
0 3020170
0 3019170
0 3017170
0 3016170
0 3015170
0 3014170
0 3013170
0 3011170
0 3010170
0 3008170
0 3006170
0 3005170
0 3004170
0 3003170
1 3002170
0 3001170
0 3000170
0 2999170
0 2997170
1 2995170
0 2993170
0 2992170
0 2991170
0 2989170
0 2988170
0 2987170
0 2982170
0 2981170
0 2979170
0 2978170
0 2977170
0 2976170
0 2975170
0 2974170
0 2973170
0 2972170
0 2971170
0 2970170
0 2969170
0 2968170
0 2967170
0 2966170
0 2965170
1 2964170
0 2959170
0 2954170
0 2953170
0 2952170
0 2950170
0 2948170
0 2947170
0 2946170
1 2945170
0 2941170
0 2938170
0 2937170
0 2936170
0 2935170
0 2934170
0 2933170
0 2932170
0 2931170
0 2930170
0 2929170
0 2928170
0 2927170
0 2926170
0 2924170
1 2923170
0 2921170
0 2920170
0 2919170
0 2918170
0 2917170
0 2916170
0 2915170
0 2914170
0 2912170
0 2909170
0 2908170
0 2907170
0 2906170
1 2905170
0 2903170
0 2902170
0 2901170
0 2898170
0 2897170
0 2895170
0 2894170
0 2893170
0 2892170
0 2890170
0 2889170
0 2888170
0 2887170
0 2885170
0 2884170
1 2883170
1 2882170
0 2880170
0 2879170
1 2878170
0 2877170
0 2876170
0 2875170
0 2874170
0 2872170
0 2871170
1 2869170
0 2867170
0 2866170
0 2865170
0 2864170
0 2863170
0 2862170
0 2861170
1 2860170
0 2859170
0 2858170
0 2857170
1 2856170
0 2855170
0 2854170
0 2853170
1 2852170
0 2851170
0 2849170
0 2848170
0 2846170
0 2845170
1 2844170
0 2842170
1 2841170
1 2839170
0 2837170
0 2836170
0 2835170
0 2833170
0 2831170
0 2829170
0 2828170
0 2826170
0 2825170
0 2824170
0 2823170
0 2821170
0 2818170
0 2817170
0 2814170
0 2813170
0 2812170
0 2811170
0 2810170
1 2809170
0 2808170
0 2805170
0 2803170
0 2802170
0 2801170
0 2800170
1 2799170
0 2798170
0 2797170
0 2795170
0 2794170
0 2793170
0 2790170
0 2789170
0 2788170
0 2787170
0 2786170
0 2785170
0 2784170
0 2782170
0 2781170
0 2779170
0 2778170
0 2777170
0 2775170
0 2774170
0 2773170
0 2771170
0 2769170
0 2768170
0 2766170
0 2765170
0 2763170
0 2761170
0 2759170
0 2758170
0 2753170
1 2749170
0 2748170
1 2747170
0 2746170
0 2742170
0 2741170
0 2740170
0 2739170
0 2738170
0 2733170
0 2732170
0 2731170
0 2729170
1 2727170
0 2725170
0 2724170
0 2723170
0 2722170
0 2721170
0 2720170
0 2719170
0 2718170
0 2717170
0 2716170
0 2715170
0 2714170
0 2712170
0 2711170
0 2709170
0 2708170
0 2707170
0 2704170
0 2698170
0 2696170
0 2692170
0 2691170
0 2690170
0 2689170
0 2688170
0 2687170
1 2686170
0 2685170
0 2683170
0 2681170
0 2680170
0 2678170
0 2677170
1 2676170
0 2675170
0 2673170
0 2672170
0 2669170
0 2668170
0 2667170
0 2666170
0 2665170
0 2664170
0 2663170
0 2662170
1 2661170
0 2660170
0 2657170
0 2656170
0 2654170
0 2653170
0 2650170
0 2649170
0 2648170
0 2647170
0 2646170
0 2645170
0 2644170
0 2643170
1 2642170
0 2641170
1 2640170
1 2639170
0 2638170
0 2637170
0 2636170
0 2635170
0 2634170
0 2633170
0 2632170
0 2630170
0 2629170
0 2628170
0 2627170
0 2625170
0 2624170
0 2623170
0 2622170
0 2621170
0 2620170
0 2619170
0 2617170
0 2616170
0 2614170
0 2612170
0 2611170
0 2607170
0 2606170
0 2604170
0 2603170
0 2601170
0 2599170
0 2598170
0 2597170
0 2596170
0 2595170
0 2593170
0 2592170
0 2591170
0 2590170
0 2588170
0 2587170
1 2586170
0 2584170
0 2583170
0 2582170
0 2581170
0 2580170
0 2579170
0 2578170
1 2577170
0 2576170
0 2575170
0 2574170
1 2573170
1 2572170
1 2571170
1 2570170
0 2569170
0 2568170
0 2567170
0 2566170
0 2565170
0 2563170
0 2562170
0 2561170
0 2560170
0 2559170
0 2558170
0 2557170
0 2556170
0 2555170
0 2554170
0 2553170
0 2552170
0 2551170
0 2550170
0 2549170
0 2548170
0 2546170
0 2545170
0 2544170
0 2543170
0 2542170
0 2541170
0 2539170
0 2538170
0 2537170
0 2536170
0 2535170
0 2533170
0 2532170
0 2530170
0 2529170
0 2528170
0 2527170
0 2525170
0 2524170
0 2523170
0 2521170
0 2520170
0 2518170
0 2517170
0 2516170
0 2515170
0 2514170
0 2513170
0 2512170
0 2510170
0 2509170
0 2507170
1 2506170
1 2505170
0 2504170
1 2503170
1 2502170
0 2501170
1 2499170
0 2498170
0 2497170
1 2496170
1 2494170
1 2493170
0 2492170
0 2491170
0 2490170
0 2488170
1 2487170
0 2485170
1 2484170
0 2483170
0 2482170
0 2481170
0 2480170
0 2479170
0 2478170
0 2476170
0 2475170
0 2474170
0 2473170
0 2472170
0 2471170
0 2469170
0 2468170
0 2467170
0 2466170
0 2463170
0 2461170
0 2460170
0 2459170
0 2458170
0 2457170
0 2456170
0 2455170
0 2454170
0 2453170
1 2452170
1 2451170
1 2447170
1 2446170
0 2443170
1 2442170
0 2441170
0 2440170
0 2435170
0 2434170
0 2433170
0 2432170
0 2430170
0 2428170
0 2426170
0 2423170
0 2420170
0 2418170
0 2417170
0 2416170
0 2415170
0 2414170
1 2411170
0 2409170
1 2408170
1 2407170
0 2406170
0 2405170
0 2404170
0 2403170
1 2400170
0 2399170
1 2398170
0 2397170
0 2396170
0 2395170
0 2394170
0 2393170
0 2392170
1 2390170
0 2389170
0 2387170
1 2386170
0 2384170
0 2383170
0 2382170
0 2380170
1 2378170
1 2377170
0 2376170
0 2373170
0 2372170
0 2371170
0 2370170
0 2369170
0 2368170
0 2367170
0 2366170
0 2365170
0 2364170
0 2362170
0 2361170
0 2359170
0 2357170
0 2356170
0 2355170
0 2354170
0 2352170
0 2350170
1 2347170
0 2345170
0 2344170
0 2343170
0 2342170
1 2341170
0 2340170
0 2339170
0 2338170
0 2337170
0 2336170
0 2330170
0 2329170
0 2328170
1 2327170
0 2326170
0 2322170
0 2321170
0 2320170
0 2318170
0 2317170
0 2315170
0 2312170
0 2311170
0 2310170
0 2309170
0 2308170
0 2307170
0 2304170
0 2303170
0 2302170
0 2301170
0 2300170
0 2299170
0 2298170
0 2297170
0 2296170
0 2295170
0 2294170
0 2293170
0 2292170
0 2291170
0 2290170
0 2289170
0 2288170
0 2287170
0 2285170
0 2284170
0 2283170
0 2281170
0 2280170
0 2278170
0 2277170
0 2276170
0 2275170
0 2274170
0 2271170
0 2270170
0 2268170
0 2266170
0 2265170
1 2264170
0 2263170
0 2262170
0 2261170
0 2260170
0 2259170
0 2258170
0 2255170
1 2254170
0 2253170
0 2252170
0 2251170
0 2249170
0 2248170
0 2247170
0 2244170
0 2243170
0 2242170
0 2241170
0 2240170
0 2239170
0 2238170
0 2237170
0 2235170
0 2234170
0 2233170
0 2232170
0 2231170
0 2230170
0 2229170
0 2228170
0 2227170
0 2226170
0 2225170
0 2224170
0 2223170
0 2222170
0 2220170
0 2219170
0 2217170
0 2215170
0 2214170
0 2213170
0 2212170
0 2211170
0 2210170
0 2209170
0 2208170
0 2207170
0 2206170
0 2205170
0 2204170
0 2203170
0 2202170
0 2201170
0 2198170
0 2197170
0 2195170
0 2186170
0 2185170
0 2184170
0 2183170
0 2182170
0 2181170
0 2180170
1 2179170
0 2178170
0 2177170
0 2176170
1 2175170
0 2174170
0 2172170
0 2171170
0 2169170
0 2168170
0 2167170
0 2164170
0 2163170
0 2161170
0 2160170
0 2159170
0 2156170
0 2155170
0 2154170
0 2153170
0 2152170
0 2151170
0 2150170
0 2149170
0 2148170
0 2147170
0 2144170
0 2143170
0 2142170
1 2138170
0 2137170
0 2136170
0 2135170
0 2133170
0 2132170
0 2130170
0 2129170
0 2128170
1 2127170
1 2126170
0 2125170
0 2124170
0 2122170
0 2120170
0 2116170
0 2115170
0 2114170
0 2113170
0 2111170
0 2108170
1 2107170
1 2106170
0 2105170
0 2102170
0 2101170
0 2098170
0 2097170
0 2096170
0 2094170
0 2093170
0 2092170
1 2091170
0 2089170
0 2088170
0 2085170
0 2083170
0 2082170
0 2081170
0 2080170
0 2079170
0 2078170
0 2077170
0 2073170
1 2071170
0 2070170
0 2069170
0 2068170
0 2066170
0 2065170
0 2063170
0 2062170
0 2060170
1 2059170
0 2058170
0 2056170
0 2054170
0 2053170
0 2051170
0 2049170
0 2048170
0 2045170
0 2042170
1 2041170
0 2040170
0 2039170
0 2038170
0 2037170
0 2036170
0 2035170
0 2034170
0 2033170
0 2032170
0 2030170
1 2029170
1 2019170
0 2016170
0 2012170
0 2010170
0 2007170
0 2006170
0 2004170
0 2003170
0 2002170
0 2001170
0 2000170
0 1999170
0 1997170
0 1993170
0 1991170
0 1990170
1 1989170
0 1987170
0 1986170
1 1985170
0 1984170
0 1983170
0 1981170
0 1980170
0 1979170
0 1972170
1 1970170
0 1968170
0 1967170
0 1966170
0 1965170
0 1964170
0 1962170
0 1960170
0 1959170
0 1958170
0 1957170
0 1956170
1 1955170
1 1954170
1 1953170
0 1952170
0 1948170
0 1947170
0 1946170
0 1945170
0 1944170
1 1943170
0 1942170
0 1941170
0 1940170
0 1939170
0 1938170
0 1937170
0 1936170
0 1935170
0 1933170
0 1930170
0 1929170
0 1927170
0 1923170
0 1921170
0 1920170
0 1918170
0 1916170
0 1915170
0 1914170
0 1913170
0 1911170
0 1907170
0 1905170
0 1904170
0 1902170
0 1900170
0 1898170
0 1896170
0 1895170
0 1894170
0 1893170
0 1892170
1 1891170
0 1888170
0 1883170
0 1882170
0 1880170
0 1878170
0 1876170
0 1875170
1 1873170
0 1872170
0 1871170
0 1870170
0 1866170
0 1865170
0 1864170
0 1863170
0 1862170
0 1861170
0 1858170
0 1857170
0 1856170
0 1854170
0 1853170
0 1850170
0 1848170
0 1845170
0 1843170
0 1840170
0 1839170
0 1838170
0 1837170
0 1836170
0 1835170
0 1834170
1 1832170
0 1831170
0 1830170
1 1829170
1 1828170
1 1826170
0 1825170
1 1824170
1 1822170
0 1821170
1 1820170
0 1817170
0 1816170
0 1814170
0 1813170
0 1812170
0 1807170
0 1806170
0 1805170
0 1803170
0 1802170
0 1801170
0 1798170
0 1797170
0 1796170
0 1792170
0 1790170
0 1789170
0 1788170
0 1787170
0 1786170
0 1785170
0 1784170
0 1783170
0 1782170
0 1781170
0 1780170
0 1779170
0 1778170
0 1777170
0 1775170
0 1774170
1 1773170
0 1772170
0 1768170
0 1767170
0 1764170
0 1763170
0 1762170
0 1761170
0 1760170
0 1759170
0 1758170
1 1757170
0 1756170
0 1755170
0 1752170
1 1751170
0 1750170
1 1748170
0 1742170
0 1741170
0 1740170
0 1739170
0 1737170
0 1736170
0 1735170
0 1734170
0 1732170
1 1731170
1 1730170
1 1729170
0 1728170
0 1727170
1 1724170
0 1723170
0 1721170
0 1720170
0 1718170
0 1717170
0 1713170
1 1712170
0 1706170
0 1705170
0 1704170
0 1703170
0 1702170
0 1700170
1 1699170
0 1698170
0 1697170
0 1696170
0 1693170
0 1691170
0 1689170
0 1687170
0 1686170
1 1685170
0 1684170
0 1683170
0 1682170
0 1681170
0 1680170
0 1679170
0 1678170
0 1676170
0 1674170
0 1673170
0 1672170
0 1671170
0 1670170
0 1668170
0 1663170
0 1662170
0 1661170
0 1659170
0 1657170
0 1656170
0 1655170
0 1654170
0 1653170
0 1651170
0 1650170
0 1649170
0 1648170
0 1647170
0 1646170
0 1645170
0 1644170
0 1643170
0 1642170
0 1640170
0 1639170
0 1631170
0 1630170
0 1629170
0 1627170
0 1626170
0 1625170
0 1624170
0 1623170
0 1622170
0 1621170
0 1619170
0 1618170
1 1616170
0 1614170
0 1612170
0 1611170
0 1608170
0 1606170
0 1605170
0 1604170
0 1603170
0 1600170
0 1599170
0 1598170
0 1597170
0 1596170
0 1595170
1 1594170
0 1593170
1 1592170
0 1591170
0 1589170
0 1588170
0 1587170
0 1585170
0 1584170
0 1583170
0 1582170
0 1581170
1 1580170
0 1579170
0 1577170
0 1573170
0 1572170
0 1571170
0 1570170
0 1569170
0 1568170
0 1567170
0 1566170
0 1564170
0 1563170
1 1560170
1 1559170
1 1558170
0 1555170
0 1553170
0 1552170
0 1549170
0 1546170
0 1545170
0 1544170
0 1543170
1 1542170
1 1536170
0 1535170
0 1534170
0 1533170
0 1532170
0 1531170
0 1530170
1 1529170
0 1528170
0 1527170
1 1526170
0 1525170
0 1524170
0 1523170
0 1522170
0 1521170
0 1520170
0 1519170
0 1518170
0 1517170
0 1515170
0 1514170
0 1512170
0 1509170
0 1506170
0 1505170
1 1500170
1 1499170
1 1498170
1 1497170
1 1496170
1 1495170
0 1492170
1 1491170
1 1490170
1 1489170
1 1488170
0 1486170
1 1485170
0 1482170
0 1481170
0 1480170
0 1478170
0 1477170
0 1476170
0 1475170
1 1474170
1 1473170
0 1472170
0 1471170
1 1468170
0 1467170
0 1466170
0 1464170
0 1462170
0 1461170
0 1460170
0 1458170
0 1457170
0 1456170
0 1455170
0 1454170
0 1453170
0 1452170
0 1451170
0 1450170
0 1448170
0 1447170
0 1446170
1 1445170
0 1443170
0 1439170
0 1438170
0 1437170
0 1433170
0 1432170
0 1431170
0 1430170
0 1429170
0 1423170
0 1421170
0 1420170
0 1418170
0 1417170
0 1416170
0 1415170
0 1414170
0 1412170
0 1410170
0 1408170
0 1407170
1 1406170
0 1404170
1 1403170
1 1402170
0 1400170
0 1399170
0 1398170
1 1397170
0 1396170
0 1394170
0 1393170
0 1392170
0 1391170
0 1390170
0 1389170
1 1388170
0 1387170
1 1386170
1 1382170
0 1380170
0 1379170
1 1378170
1 1377170
0 1376170
0 1375170
0 1374170
0 1373170
0 1371170
0 1370170
0 1368170
0 1367170
1 1364170
1 1361170
0 1359170
1 1351170
0 1350170
0 1349170
0 1348170
0 1347170
0 1345170
1 1341170
0 1339170
1 1338170
1 1337170
0 1336170
0 1335170
1 1334170
0 1333170
0 1332170
0 1330170
0 1329170
0 1328170
0 1327170
0 1326170
1 1324170
0 1323170
0 1322170
0 1320170
0 1316170
0 1315170
0 1314170
0 1313170
0 1312170
1 1309170
0 1307170
0 1305170
1 1304170
0 1303170
0 1302170
0 1301170
0 1300170
0 1298170
0 1295170
0 1293170
1 1292170
1 1291170
0 1290170
0 1289170
0 1287170
0 1286170
0 1285170
0 1282170
0 1279170
0 1278170
0 1277170
0 1274170
0 1272170
0 1270170
0 1269170
0 1267170
0 1266170
0 1264170
0 1263170
0 1262170
0 1261170
0 1260170
0 1259170
0 1258170
0 1257170
0 1254170
0 1253170
0 1252170
0 1246170
0 1245170
0 1244170
0 1243170
0 1241170
0 1240170
0 1239170
0 1236170
0 1235170
0 1231170
0 1224170
0 1219170
0 1218170
0 1217170
0 1213170
0 1210170
0 1209170
0 1208170
0 1205170
0 1204170
0 1203170
0 1201170
0 1200170
0 1199170
0 1195170
0 1194170
0 1193170
0 1192170
0 1191170
0 1190170
0 1189170
1 1187170
0 1186170
0 1185170
0 1184170
0 1183170
0 1182170
0 1181170
0 1180170
0 1178170
0 1177170
0 1175170
0 1174170
0 1173170
1 1172170
0 1170170
0 1169170
1 1166170
0 1165170
0 1164170
0 1163170
0 1162170
0 1161170
0 1159170
0 1158170
0 1155170
0 1154170
0 1153170
0 1152170
0 1150170
0 1147170
0 1146170
0 1145170
0 1144170
0 1140170
0 1139170
0 1136170
0 1135170
0 1134170
1 1132170
0 1128170
0 1127170
0 1126170
0 1123170
1 1122170
0 1121170
0 1120170
0 1119170
0 1118170
0 1117170
0 1116170
0 1114170
0 1113170
0 1112170
0 1110170
0 1109170
0 1108170
0 1107170
1 1106170
1 1105170
0 1103170
0 1101170
0 1100170
0 1099170
0 1097170
0 1094170
0 1093170
0 1091170
0 1089170
0 1088170
0 1087170
0 1085170
0 1084170
0 1083170
0 1082170
0 1081170
0 1080170
0 1079170
0 1078170
0 1077170
0 1076170
0 1075170
0 1074170
1 1073170
0 1070170
0 1066170
0 1064170
0 1058170
0 1057170
0 1055170
0 1053170
0 1052170
0 1051170
0 1050170
0 1047170
0 1045170
0 1044170
0 1042170
0 1041170
0 1040170
0 1039170
0 1037170
0 1036170
0 1035170
0 1034170
0 1032170
0 1031170
0 1030170
0 1029170
0 1028170
0 1026170
0 1023170
0 1017170
0 1015170
0 1014170
0 1011170
0 1008170
0 1006170
1 1004170
0 1003170
0 1001170
0 1000170
0 998170
0 997170
0 996170
1 995170
0 993170
0 992170
0 991170
0 990170
0 989170
0 988170
0 986170
0 984170
0 983170
0 982170
0 981170
0 980170
0 978170
0 977170
0 976170
0 975170
0 974170
0 973170
0 971170
0 970170
0 969170
0 968170
0 967170
0 966170
0 965170
0 957170
0 956170
0 954170
1 953170
0 950170
0 949170
1 948170
0 947170
0 946170
0 941170
0 939170
0 938170
0 936170
0 933170
0 931170
0 930170
0 928170
0 927170
1 926170
0 925170
0 924170
1 923170
0 922170
1 921170
0 920170
0 919170
0 918170
0 916170
0 915170
0 914170
0 913170
0 912170
0 911170
1 909170
0 907170
0 903170
0 902170
0 901170
0 900170
0 898170
0 897170
0 895170
0 894170
0 892170
0 891170
0 890170
0 888170
0 887170
0 886170
0 884170
0 883170
0 881170
0 880170
0 879170
0 878170
0 875170
0 874170
0 873170
0 872170
0 871170
0 870170
0 867170
0 866170
1 865170
0 863170
0 862170
0 861170
0 860170
0 858170
0 857170
0 856170
0 855170
0 852170
0 851170
0 847170
0 844170
0 841170
0 840170
0 839170
0 838170
0 835170
0 834170
0 830170
0 829170
0 828170
0 827170
0 825170
0 823170
0 822170
0 821170
0 820170
0 819170
1 818170
0 816170
0 815170
0 814170
0 812170
0 811170
0 807170
0 803170
0 802170
0 801170
1 798170
0 797170
0 796170
0 794170
0 793170
0 791170
0 790170
0 789170
0 788170
0 787170
0 786170
0 785170
0 784170
0 783170
0 782170
0 780170
0 779170
0 778170
0 775170
0 772170
0 771170
1 768170
0 763170
0 760170
0 759170
0 755170
0 754170
0 751170
0 750170
0 749170
0 748170
0 747170
0 746170
0 745170
0 744170
0 743170
0 742170
0 740170
0 738170
0 737170
0 736170
0 735170
0 733170
1 731170
0 728170
0 727170
0 726170
0 725170
0 723170
0 722170
0 721170
0 720170
0 719170
0 718170
0 717170
0 715170
0 714170
0 712170
0 711170
1 708170
0 706170
0 705170
0 704170
0 703170
1 702170
0 701170
0 700170
0 698170
1 697170
1 696170
1 695170
0 693170
0 691170
1 688170
1 687170
1 686170
0 685170
0 684170
0 679170
0 677170
0 676170
0 675170
0 671170
0 670170
0 668170
0 667170
0 666170
0 665170
0 664170
0 663170
1 662170
1 660170
0 659170
0 657170
0 651170
0 650170
0 649170
0 646170
0 643170
0 642170
0 641170
0 640170
0 639170
0 637170
0 636170
0 635170
0 634170
0 633170
0 632170
0 630170
0 629170
0 628170
0 627170
0 626170
0 625170
0 624170
0 618170
0 616170
0 615170
0 613170
0 608170
0 607170
0 606170
0 604170
0 603170
0 602170
0 601170
0 600170
0 599170
0 598170
0 597170
0 594170
1 593170
0 587170
0 584170
0 582170
0 578170
0 576170
0 574170
0 572170
0 571170
0 570170
0 569170
0 568170
0 564170
1 561170
1 558170
1 556170
0 554170
0 552170
0 550170
0 549170
1 548170
1 547170
0 542170
0 541170
0 539170
1 538170
0 536170
1 535170
0 531170
0 530170
0 529170
0 528170
0 527170
0 526170
0 525170
0 524170
0 522170
1 519170
1 518170
0 517170
1 516170
0 514170
0 513170
1 509170
0 506170
0 503170
0 499170
0 498170
0 495170
0 494170
0 493170
0 492170
0 491170
0 490170
0 489170
0 488170
0 487170
0 486170
0 485170
0 484170
0 481170
1 480170
1 479170
0 478170
0 477170
0 475170
0 472170
0 471170
0 470170
0 469170
0 468170
0 467170
0 466170
0 464170
0 460170
0 459170
0 458170
0 456170
0 454170
0 453170
0 451170
0 448170
0 447170
0 445170
0 439170
0 436170
0 435170
0 434170
0 432170
0 430170
0 428170
0 426170
0 421170
0 420170
0 419170
0 418170
0 417170
0 416170
0 414170
0 411170
0 410170
0 408170
0 407170
0 405170
0 404170
0 403170
0 402170
0 398170
1 396170
0 394170
0 391170
0 390170
0 387170
0 386170
0 385170
0 384170
0 383170
0 381170
0 380170
0 379170
0 378170
0 377170
0 376170
0 375170
1 373170
0 372170
0 370170
0 369170
0 365170
0 360170
0 359170
0 354170
0 353170
0 351170
0 350170
0 349170
1 346170
1 344170
1 342170
1 341170
0 340170
0 336170
0 335170
0 333170
0 332170
0 331170
0 330170
0 328170
0 327170
1 325170
0 323170
1 320170
0 318170
0 317170
0 314170
0 311170
1 308170
0 307170
0 306170
0 305170
0 304170
0 301170
0 300170
0 299170
0 297170
0 296170
0 294170
1 290170
1 289170
0 282170
0 281170
0 279170
0 276170
1 275170
1 274170
1 273170
1 272170
1 271170
1 270170
1 268170
0 267170
0 266170
0 265170
0 264170
0 263170
1 262170
1 260170
1 259170
0 258170
0 257170
0 256170
0 255170
1 251170
0 250170
0 246170
1 245170
0 244170
1 243170
0 239170
0 238170
0 234170
0 232170
0 230170
0 229170
0 228170
0 227170
0 225170
0 222170
0 217170
0 212170
0 211170
0 209170
1 207170
0 206170
0 205170
1 204170
0 200170
0 199170
0 198170
0 197170
0 196170
0 194170
0 193170
0 191170
0 190170
0 189170
0 188170
0 187170
1 183170
1 182170
0 179170
0 175170
0 174170
0 173170
1 168170
0 167170
0 164170
0 162170
0 159170
0 158170
0 157170
0 156170
0 155170
0 154170
0 153170
0 152170
0 151170
0 148170
0 146170
0 145170
0 144170
0 142170
0 141170
0 140170
0 139170
0 138170
1 136170
0 134170
0 132170
0 131170
0 130170
0 129170
0 128170
1 121170
1 120170
1 119170
1 118170
0 114170
0 112170
0 111170
0 109170
0 107170
0 106170
0 103170
0 98170
0 97170
0 96170
0 95170
0 93170
0 91170
0 89170
0 88170
0 87170
0 85170
0 82170
1 78170
0 77170
0 76170
1 75170
0 73170
0 72170
0 70170
0 68170
0 60170
0 57170
0 55170
0 54170
0 53170
0 52170
0 51170
0 50170
0 49170
0 47170
0 46170
0 45170
0 41170
0 37170
0 35170
0 34170
0 33170
0 32170
0 29170
0 26170
0 24170
0 23170
0 22170
1 21170
0 18170
0 17170
0 16170
0 15170
0 14170
0 13170
0 12170
0 11170
0 10170
0 8170
0 7170
0 4170
0 3170
0 2170