2 6042027
2 6041027
2 6040027
2 6039027
2 6038027
2 6037027
2 6036027
2 6035027
2 6034027
2 6033027
2 6032027
2 6030027
2 6025027
2 6024027
2 6023027
2 6022027
2 6021027
2 6020027
2 6017027
2 6016027
2 6015027
2 6014027
2 6013027
2 6012027
2 6011027
2 6010027
2 6009027
2 6008027
2 6007027
2 6006027
2 6005027
2 6004027
5 6002027
5 6001027
5 6000027
5 5999027
5 5998027
2 5996027
5 5995027
2 5994027
0 5993027
0 5992027
0 5991027
0 5990027
1 5989027
5 5988027
4 5987027
4 5986027
0 5985027
0 5983027
4 5981027
4 5980027
4 5979027
4 5978027
4 5977027
4 5976027
4 5967027
4 5966027
4 5965027
4 5963027
4 5962027
0 5961027
0 5959027
0 5958027
5 5957027
0 5956027
5 5953027
5 5952027
5 5951027
5 5950027
5 5949027
5 5948027
5 5947027
5 5946027
5 5945027
5 5944027
5 5943027
5 5942027
5 5941027
5 5940027
5 5939027
5 5938027
5 5937027
5 5936027
5 5935027
5 5934027
5 5933027
5 5932027
5 5931027
0 5930027
5 5929027
5 5928027
5 5927027
5 5926027
0 5925027
5 5924027
5 5923027
5 5922027
4 5921027
4 5920027
0 5918027
0 5917027
0 5916027
0 5915027
0 5914027
0 5913027
0 5912027
0 5911027
0 5909027
0 5908027
0 5907027
0 5906027
0 5905027
0 5904027
0 5903027
0 5902027
0 5901027
0 5900027
0 5899027
0 5898027
0 5897027
0 5896027
0 5895027
0 5894027
0 5893027
0 5891027
0 5890027
0 5888027
0 5887027
0 5886027
0 5885027
0 5884027
0 5883027
0 5882027
0 5881027
0 5880027
0 5879027
0 5878027
0 5877027
1 5876027
1 5875027
1 5874027
1 5873027
0 5871027
0 5870027
0 5869027
0 5868027
0 5867027
0 5865027
0 5864027
0 5863027
0 5862027
0 5861027
0 5860027
0 5859027
0 5858027
0 5857027
0 5856027
0 5854027
0 5853027
0 5852027
0 5851027
0 5849027
0 5848027
0 5847027
0 5846027
0 5845027
0 5844027
0 5843027
0 5842027
0 5838027
0 5837027
0 5836027
0 5835027
0 5834027
0 5833027
0 5831027
0 5830027
0 5828027
0 5827027
0 5826027
0 5824027
0 5823027
0 5822027
0 5821027
0 5820027
0 5819027
0 5817027
0 5816027
0 5815027
0 5812027
0 5811027
0 5810027
0 5809027
0 5808027
0 5807027
0 5806027
0 5805027
0 5803027
0 5802027
0 5801027
0 5800027
0 5799027
0 5798027
0 5797027
0 5796027
0 5795027
0 5794027
0 5793027
0 5792027
0 5791027
0 5790027
0 5789027
0 5787027
0 5785027
0 5784027
0 5783027
0 5782027
0 5781027
0 5780027
0 5778027
0 5777027
0 5775027
0 5774027
0 5772027
0 5771027
0 5769027
0 5768027
0 5767027
0 5763027
0 5762027
0 5761027
0 5760027
0 5759027
0 5758027
0 5757027
0 5755027
0 5754027
0 5753027
0 5752027
0 5751027
0 5749027
0 5746027
0 5744027
0 5743027
0 5742027
0 5741027
0 5740027
0 5739027
0 5738027
0 5737027
0 5736027
0 5734027
0 5733027
0 5732027
0 5731027
0 5730027
0 5729027
0 5728027
0 5727027
0 5726027
0 5725027
0 5724027
0 5723027
0 5721027
0 5720027
0 5719027
0 5718027
0 5716027
0 5715027
0 5714027
0 5712027
0 5711027
0 5710027
0 5708027
0 5707027
0 5706027
0 5705027
0 5704027
0 5703027
0 5702027
0 5700027
0 5699027
0 5698027
0 5693027
0 5690027
0 5688027
0 5686027
0 5684027
0 5683027
0 5682027
0 5681027
0 5680027
0 5679027
0 5678027
0 5677027
0 5676027
0 5675027
0 5674027
0 5673027
0 5671027
0 5669027
0 5668027
0 5667027
0 5666027
0 5664027
0 5663027
0 5662027
0 5661027
0 5660027
0 5659027
0 5658027
0 5657027
0 5656027
0 5655027
0 5654027
0 5653027
0 5652027
0 5651027
0 5647027
0 5646027
0 5645027
0 5644027
0 5643027
0 5642027
0 5641027
0 5640027
0 5638027
0 5637027
0 5636027
0 5635027
0 5634027
0 5633027
0 5632027
0 5630027
0 5629027
0 5628027
0 5627027
0 5626027
0 5625027
0 5624027
0 5623027
0 5622027
0 5621027
0 5619027
0 5618027
0 5617027
0 5616027
0 5615027
0 5614027
0 5613027
0 5612027
0 5611027
0 5610027
0 5609027
0 5608027
0 5607027
0 5606027
0 5605027
0 5604027
0 5602027
0 5601027
0 5600027
0 5599027
0 5598027
0 5597027
0 5596027
0 5595027
0 5594027
0 5593027
0 5592027
0 5591027
0 5590027
0 5589027
0 5588027
0 5585027
0 5583027
0 5582027
0 5580027
0 5579027
0 5578027
0 5575027
0 5574027
0 5573027
0 5572027
0 5571027
0 5570027
0 5569027
0 5568027
0 5566027
0 5565027
0 5563027
0 5562027
0 5560027
0 5559027
0 5557027
0 5556027
0 5555027
0 5554027
0 5553027
0 5550027
0 5548027
0 5543027
0 5542027
0 5541027
0 5540027
0 5539027
0 5538027
0 5537027
0 5536027
0 5535027
0 5534027
0 5533027
0 5532027
0 5531027
0 5530027
0 5529027
0 5528027
0 5527027
0 5526027
0 5525027
0 5523027
0 5522027
0 5521027
0 5520027
0 5519027
0 5518027
0 5517027
0 5516027
0 5515027
0 5513027
0 5505027
0 5504027
0 5503027
0 5498027
0 5496027
0 5495027
0 5493027
0 5492027
1 5489027
0 5488027
0 5487027
0 5485027
0 5483027
0 5482027
0 5481027
0 5478027
0 5477027
0 5476027
0 5475027
0 5474027
0 5473027
0 5472027
0 5471027
0 5470027
0 5469027
0 5468027
0 5467027
0 5466027
0 5465027
0 5464027
0 5463027
0 5462027
0 5461027
0 5460027
0 5459027
0 5458027
0 5457027
0 5455027
0 5454027
0 5453027
0 5452027
0 5451027
0 5450027
0 5449027
0 5448027
0 5447027
0 5446027
0 5445027
0 5444027
0 5441027
0 5440027
0 5437027
0 5436027
0 5435027
0 5434027
0 5432027
0 5431027
0 5430027
0 5429027
0 5428027
0 5427027
0 5426027
0 5425027
1 5424027
0 5419027
0 5418027
0 5417027
0 5411027
0 5410027
0 5409027
0 5408027
0 5407027
0 5406027
0 5405027
0 5403027
0 5400027
0 5399027
0 5398027
0 5395027
0 5394027
0 5393027
0 5392027
0 5390027
0 5388027
0 5387027
0 5384027
0 5383027
0 5382027
0 5381027
0 5380027
0 5379027
0 5378027
0 5377027
0 5376027
0 5375027
0 5371027
0 5367027
0 5366027
0 5365027
0 5364027
0 5363027
0 5362027
0 5360027
0 5357027
0 5356027
0 5355027
0 5354027
0 5351027
0 5350027
0 5348027
0 5347027
0 5346027
0 5345027
0 5344027
0 5343027
0 5342027
0 5340027
0 5339027
0 5338027
0 5337027
0 5335027
0 5334027
0 5333027
0 5332027
0 5331027
0 5330027
0 5329027
0 5328027
0 5327027
0 5326027
0 5325027
0 5324027
0 5323027
0 5321027
0 5320027
0 5319027
0 5318027
0 5317027
0 5316027
0 5315027
0 5312027
0 5311027
0 5310027
0 5309027
0 5308027
0 5307027
0 5306027
0 5305027
0 5304027
0 5303027
0 5301027
0 5300027
0 5299027
0 5298027
1 5297027
0 5296027
0 5295027
0 5294027
1 5293027
0 5292027
0 5291027
0 5290027
0 5289027
0 5283027
0 5271027
0 5270027
0 5267027
0 5266027
0 5265027
0 5264027
0 5263027
0 5262027
0 5261027
0 5259027
0 5256027
0 5249027
0 5248027
0 5247027
0 5246027
0 5245027
0 5244027
0 5243027
0 5242027
0 5241027
0 5240027
0 5239027
0 5238027
1 5237027
0 5235027
0 5234027
0 5233027
0 5232027
0 5231027
0 5230027
0 5227027
0 5226027
0 5225027
0 5224027
0 5223027
0 5222027
0 5221027
0 5220027
0 5219027
0 5218027
0 5216027
0 5215027
0 5214027
0 5213027
0 5212027
0 5211027
0 5210027
0 5209027
0 5207027
0 5204027
0 5200027
0 5199027
0 5198027
0 5197027
0 5196027
0 5195027
0 5192027
0 5191027
0 5190027
0 5189027
0 5188027
0 5187027
0 5186027
0 5184027
0 5183027
0 5182027
0 5181027
0 5180027
0 5179027
0 5178027
0 5177027
0 5176027
0 5174027
0 5173027
0 5172027
0 5171027
0 5170027
0 5169027
0 5168027
0 5167027
0 5166027
0 5165027
0 5164027
0 5160027
0 5159027
0 5158027
0 5157027
0 5156027
0 5155027
0 5154027
0 5153027
0 5151027
0 5150027
0 5148027
0 5147027
0 5146027
0 5145027
0 5144027
0 5143027
0 5142027
0 5141027
0 5140027
0 5139027
0 5138027
0 5129027
0 5128027
0 5127027
0 5126027
0 5125027
0 5124027
0 5123027
0 5122027
0 5121027
0 5120027
0 5119027
0 5118027
0 5117027
0 5116027
0 5113027
0 5112027
0 5111027
0 5108027
0 5107027
0 5106027
0 5105027
0 5104027
0 5103027
0 5102027
0 5101027
0 5100027
0 5099027
0 5097027
0 5095027
0 5094027
0 5093027
0 5092027
0 5091027
0 5090027
0 5089027
0 5088027
0 5087027
0 5086027
0 5085027
0 5083027
0 5082027
0 5081027
0 5079027
0 5078027
0 5077027
0 5076027
0 5075027
0 5074027
0 5073027
0 5072027
0 5071027
0 5070027
0 5069027
0 5068027
0 5067027
0 5066027
0 5065027
0 5064027
0 5063027
0 5061027
0 5060027
0 5059027
0 5058027
0 5056027
0 5054027
0 5053027
0 5051027
0 5050027
0 5045027
0 5044027
0 5039027
0 5038027
0 5037027
0 5036027
0 5035027
0 5034027
0 5033027
0 5032027
0 5031027
0 5028027
0 5027027
0 5026027
0 5025027
0 5024027
0 5023027
0 5022027
0 5021027
0 5019027
0 5017027
0 5016027
0 5015027
0 5014027
0 5012027
0 5009027
0 5008027
0 5007027
0 5006027
0 5004027
0 5003027
0 5002027
0 5001027
0 5000027
0 4999027
0 4998027
0 4996027
0 4995027
0 4994027
0 4991027
1 4990027
0 4989027
0 4988027
0 4987027
0 4986027
0 4985027
0 4984027
0 4983027
0 4982027
0 4981027
0 4979027
0 4978027
0 4977027
0 4975027
0 4974027
0 4973027
0 4972027
0 4971027
0 4970027
0 4969027
0 4968027
0 4967027
0 4966027
0 4965027
0 4964027
0 4963027
0 4962027
0 4961027
0 4960027
0 4959027
0 4958027
0 4957027
0 4956027
0 4955027
0 4954027
0 4953027
0 4952027
0 4951027
0 4950027
0 4949027
0 4948027
0 4947027
0 4946027
0 4945027
0 4944027
0 4943027
0 4942027
0 4941027
0 4939027
0 4938027
0 4937027
0 4936027
0 4934027
0 4933027
0 4931027
0 4930027
0 4929027
0 4928027
0 4927027
0 4926027
0 4924027
0 4923027
0 4922027
0 4921027
0 4920027
0 4919027
0 4918027
0 4917027
0 4916027
0 4915027
0 4914027
0 4913027
0 4912027
0 4911027
0 4910027
0 4909027
0 4907027
0 4904027
0 4903027
0 4902027
0 4901027
0 4900027
0 4899027
0 4898027
0 4897027
0 4896027
0 4895027
0 4894027
0 4893027
0 4892027
0 4891027
0 4890027
0 4889027
0 4887027
0 4886027
0 4885027
0 4884027
0 4883027
0 4882027
0 4881027
0 4880027
0 4878027
0 4877027
0 4876027
0 4874027
0 4873027
0 4871027
0 4868027
0 4867027
0 4866027
0 4865027
0 4864027
0 4862027
0 4861027
0 4860027
0 4859027
0 4858027
0 4857027
0 4856027
0 4855027
0 4854027
0 4853027
0 4852027
0 4851027
0 4850027
0 4849027
0 4848027
0 4847027
0 4846027
0 4845027
0 4844027
0 4843027
0 4841027
0 4840027
0 4839027
0 4838027
0 4837027
0 4836027
0 4835027
0 4834027
0 4833027
0 4832027
0 4831027
0 4830027
0 4829027
0 4828027
0 4826027
0 4824027
0 4823027
0 4822027
0 4821027
0 4820027
0 4819027
0 4818027
0 4817027
0 4816027
0 4815027
0 4813027
0 4812027
0 4811027
0 4810027
0 4809027
0 4808027
0 4807027
0 4806027
0 4805027
0 4804027
0 4803027
0 4802027
0 4801027
0 4799027
0 4798027
0 4797027
0 4796027
0 4795027
0 4793027
0 4792027
0 4791027
0 4788027
0 4787027
0 4786027
0 4785027
0 4784027
0 4783027
0 4782027
0 4781027
0 4780027
0 4779027
0 4778027
0 4777027
0 4776027
0 4775027
0 4774027
0 4773027
0 4772027
0 4771027
0 4770027
0 4769027
0 4768027
0 4767027
0 4766027
0 4765027
0 4764027
0 4763027
0 4762027
0 4761027
0 4760027
0 4759027
0 4758027
0 4757027
0 4756027
0 4755027
0 4754027
0 4753027
0 4752027
0 4751027
0 4749027
0 4748027
0 4747027
0 4746027
0 4745027
0 4744027
0 4743027
0 4742027
0 4741027
0 4740027
0 4739027
0 4738027
0 4737027
0 4736027
0 4735027
0 4734027
0 4733027
0 4732027
0 4731027
0 4730027
0 4729027
0 4728027
0 4727027
0 4726027
0 4725027
0 4724027
0 4723027
0 4722027
0 4721027
0 4720027
0 4719027
0 4718027
0 4717027
0 4716027
0 4715027
0 4714027
0 4713027
0 4712027
0 4711027
0 4709027
0 4708027
0 4707027
0 4706027
0 4705027
0 4704027
0 4703027
0 4701027
0 4700027
0 4699027
0 4698027
0 4697027
0 4696027
0 4695027
0 4694027
0 4693027
0 4692027
0 4691027
0 4690027
0 4689027
0 4688027
0 4687027
0 4686027
0 4685027
0 4684027
0 4683027
0 4682027
0 4681027
0 4680027
0 4678027
0 4677027
0 4676027
0 4675027
0 4674027
0 4673027
0 4672027
0 4671027
0 4669027
0 4668027
0 4667027
0 4666027
0 4665027
0 4664027
0 4663027
0 4662027
0 4661027
0 4660027
0 4659027
0 4658027
0 4657027
0 4656027
0 4655027
0 4653027
0 4652027
0 4651027
0 4650027
0 4649027
0 4648027
0 4647027
0 4646027
0 4645027
0 4644027
0 4643027
0 4642027
0 4641027
0 4640027
0 4637027
0 4636027
0 4635027
0 4634027
0 4633027
0 4632027
0 4631027
0 4630027
0 4628027
0 4627027
0 4626027
0 4622027
0 4620027
0 4617027
0 4616027
0 4614027
0 4613027
0 4612027
0 4611027
0 4610027
0 4609027
0 4608027
0 4607027
0 4606027
0 4605027
0 4604027
0 4603027
0 4602027
0 4601027
0 4600027
0 4599027
0 4598027
0 4597027
0 4596027
0 4595027
0 4594027
0 4593027
0 4592027
0 4591027
0 4590027
0 4589027
0 4588027
0 4587027
0 4586027
0 4585027
0 4584027
0 4581027
0 4580027
0 4578027
0 4577027
0 4576027
0 4575027
0 4574027
0 4573027
0 4572027
0 4571027
0 4570027
0 4569027
0 4568027
0 4567027
0 4566027
0 4565027
0 4564027
0 4563027
0 4562027
0 4561027
0 4560027
0 4559027
0 4558027
0 4557027
0 4556027
0 4555027
0 4553027
0 4552027
0 4551027
0 4550027
0 4549027
0 4548027
0 4547027
0 4546027
0 4545027
0 4544027
0 4543027
0 4542027
0 4541027
0 4539027
0 4527027
0 4526027
0 4524027
0 4522027
0 4521027
0 4520027
1 4519027
0 4518027
1 4516027
0 4515027
0 4514027
0 4513027
0 4512027
0 4511027
0 4510027
0 4509027
0 4508027
0 4507027
0 4506027
0 4505027
0 4503027
0 4502027
0 4501027
0 4500027
0 4494027
0 4493027
0 4492027
0 4491027
0 4490027
0 4489027
0 4488027
0 4487027
0 4485027
0 4484027
0 4483027
0 4481027
0 4478027
0 4477027
0 4475027
0 4474027
0 4470027
0 4468027
0 4467027
0 4465027
0 4464027
0 4462027
0 4460027
0 4458027
0 4455027
0 4454027
0 4453027
0 4452027
0 4451027
0 4450027
0 4449027
0 4448027
0 4447027
0 4446027
0 4444027
1 4442027
0 4439027
0 4438027
0 4437027
0 4436027
0 4435027
0 4434027
0 4432027
0 4431027
0 4430027
0 4429027
0 4428027
0 4427027
0 4422027
0 4420027
0 4418027
0 4416027
0 4413027
1 4412027
0 4409027
0 4408027
0 4407027
0 4406027
0 4404027
0 4403027
0 4402027
0 4399027
0 4398027
0 4397027
0 4396027
0 4395027
0 4393027
0 4392027
0 4390027
0 4387027
0 4386027
0 4385027
0 4384027
0 4383027
0 4382027
0 4381027
0 4380027
0 4379027
0 4378027
0 4377027
0 4375027
0 4374027
0 4373027
0 4371027
1 4369027
0 4368027
0 4367027
0 4366027
0 4365027
0 4364027
0 4363027
0 4362027
0 4359027
0 4358027
0 4357027
0 4356027
0 4355027
0 4353027
0 4351027
0 4349027
0 4348027
0 4346027
0 4345027
0 4343027
0 4342027
0 4341027
0 4340027
0 4339027
0 4338027
0 4336027
0 4335027
0 4334027
0 4333027
0 4332027
0 4331027
0 4328027
0 4318027
0 4316027
0 4315027
0 4314027
0 4313027
0 4310027
1 4307027
0 4306027
0 4305027
0 4304027
0 4303027
0 4302027
0 4301027
0 4299027
0 4298027
0 4297027
0 4296027
0 4295027
0 4294027
0 4291027
0 4289027
0 4288027
0 4287027
0 4286027
0 4285027
0 4282027
0 4281027
0 4280027
0 4279027
0 4278027
0 4277027
0 4276027
0 4275027
0 4274027
0 4273027
0 4272027
0 4271027
0 4270027
0 4269027
0 4267027
0 4265027
0 4264027
0 4263027
0 4260027
0 4259027
0 4257027
1 4256027
0 4255027
0 4253027
0 4252027
0 4248027
0 4247027
0 4243027
0 4242027
0 4241027
0 4240027
0 4239027
0 4238027
0 4237027
0 4236027
0 4235027
0 4234027
0 4233027
0 4232027
0 4230027
0 4228027
0 4227027
0 4225027
0 4223027
0 4222027
0 4221027
0 4220027
0 4219027
0 4216027
0 4214027
0 4212027
0 4211027
0 4210027
0 4209027
0 4208027
0 4207027
0 4203027
0 4201027
0 4198027
0 4197027
0 4196027
0 4195027
0 4194027
0 4193027
0 4192027
0 4187027
0 4186027
0 4183027
0 4182027
0 4181027
0 4180027
0 4179027
0 4178027
0 4177027
0 4176027
0 4175027
0 4174027
0 4172027
0 4171027
0 4170027
0 4169027
0 4168027
0 4167027
0 4166027
0 4165027
0 4164027
0 4163027
0 4162027
0 4160027
0 4159027
0 4158027
0 4157027
0 4156027
0 4155027
0 4154027
0 4153027
0 4152027
0 4151027
0 4149027
0 4148027
0 4147027
0 4145027
0 4144027
0 4143027
0 4141027
0 4140027
0 4139027
0 4135027
0 4132027
0 4130027
0 4129027
0 4123027
0 4122027
0 4121027
0 4120027
0 4119027
0 4118027
0 4117027
0 4116027
0 4115027
0 4114027
0 4112027
0 4111027
0 4110027
0 4107027
0 4102027
0 4100027
0 4099027
0 4098027
0 4096027
0 4090027
0 4088027
0 4086027
0 4085027
0 4084027
0 4083027
0 4082027
0 4081027
0 4080027
0 4079027
1 4078027
0 4077027
0 4076027
0 4074027
0 4073027
0 4072027
0 4067027
0 4066027
0 4065027
0 4064027
0 4063027
0 4062027
0 4061027
0 4060027
0 4059027
0 4058027
0 4057027
0 4047027
0 4046027
0 4045027
0 4044027
0 4043027
0 4042027
0 4041027
0 4040027
0 4039027
0 4038027
0 4037027
0 4036027
0 4035027
0 4034027
0 4033027
0 4032027
0 4031027
0 4030027
0 4029027
0 4028027
0 4027027
0 4026027
0 4025027
0 4024027
0 4023027
0 4022027
0 4021027
0 4020027
0 4019027
0 4018027
0 4016027
0 4015027
0 4014027
0 4011027
0 4009027
0 4008027
0 4007027
0 4006027
0 4005027
0 4004027
0 4003027
0 4002027
0 4001027
0 4000027
0 3999027
0 3998027
0 3997027
0 3996027
0 3995027
0 3994027
0 3993027
0 3990027
0 3989027
0 3985027
0 3984027
0 3983027
0 3981027
0 3980027
0 3979027
0 3978027
0 3977027
0 3976027
0 3974027
0 3973027
0 3971027
0 3969027
0 3968027
0 3967027
0 3966027
0 3965027
0 3964027
0 3963027
0 3962027
0 3961027
0 3960027
0 3958027
0 3957027
0 3956027
0 3955027
0 3953027
0 3952027
0 3950027
0 3949027
0 3948027
0 3947027
0 3946027
0 3945027
0 3944027
0 3943027
0 3941027
0 3940027
0 3939027
0 3938027
0 3937027
0 3936027
0 3935027
0 3934027
0 3933027
0 3931027
0 3930027
0 3929027
0 3928027
0 3927027
0 3926027
0 3925027
0 3924027
0 3923027
0 3922027
0 3921027
0 3920027
0 3919027
0 3918027
0 3917027
0 3916027
0 3915027
0 3913027
0 3912027
0 3911027
0 3910027
1 3909027
0 3908027
0 3907027
0 3906027
0 3903027
0 3901027
0 3900027
0 3899027
0 3898027
0 3897027
0 3894027
0 3893027
0 3892027
0 3891027
0 3890027
0 3888027
0 3887027
0 3885027
0 3884027
0 3882027
0 3881027
0 3880027
0 3879027
0 3878027
0 3877027
0 3876027
0 3875027
0 3874027
0 3873027
0 3872027
0 3871027
0 3870027
0 3869027
0 3868027
0 3866027
0 3865027
0 3862027
0 3861027
0 3859027
0 3857027
0 3856027
0 3855027
0 3853027
0 3852027
0 3851027
0 3850027
0 3849027
0 3848027
0 3847027
0 3845027
0 3844027
0 3843027
0 3842027
0 3841027
0 3840027
0 3839027
0 3838027
0 3834027
0 3832027
1 3829027
0 3828027
0 3826027
0 3825027
0 3824027
0 3823027
0 3822027
0 3821027
0 3820027
0 3819027
0 3818027
0 3817027
0 3816027
0 3815027
1 3814027
0 3800027
0 3799027
0 3798027
0 3797027
0 3796027
0 3790027
0 3789027
0 3788027
0 3787027
0 3786027
0 3785027
0 3784027
0 3783027
0 3782027
0 3781027
0 3780027
0 3779027
0 3778027
0 3777027
0 3776027
0 3775027
0 3774027
0 3773027
0 3772027
0 3770027
0 3769027
0 3768027
0 3767027
0 3766027
0 3765027
0 3764027
0 3763027
0 3761027
0 3760027
0 3759027
0 3752027
0 3751027
0 3750027
0 3749027
0 3748027
0 3747027
0 3746027
0 3745027
0 3744027
0 3743027
0 3741027
0 3735027
1 3734027
0 3732027
0 3731027
0 3730027
0 3729027
0 3728027
0 3727027
0 3724027
0 3723027
0 3722027
0 3721027
0 3720027
0 3719027
0 3718027
0 3717027
0 3716027
0 3715027
0 3714027
0 3713027
0 3712027
0 3711027
0 3710027
0 3709027
0 3708027
0 3707027
0 3706027
0 3705027
0 3704027
0 3703027
0 3702027
0 3701027
0 3700027
0 3699027
0 3698027
0 3697027
0 3695027
0 3694027
0 3693027
0 3692027
1 3686027
0 3680027
0 3678027
0 3677027
0 3676027
0 3675027
0 3674027
0 3672027
0 3668027
0 3666027
0 3665027
1 3664027
1 3662027
0 3660027
0 3658027
0 3657027
1 3656027
1 3655027
0 3654027
0 3653027
0 3650027
0 3649027
0 3648027
0 3647027
0 3646027
0 3645027
0 3644027
0 3643027
0 3642027
0 3641027
0 3640027
0 3639027
0 3638027
0 3633027
0 3632027
0 3631027
0 3630027
0 3629027
0 3628027
0 3627027
0 3626027
0 3625027
0 3624027
0 3623027
0 3622027
0 3621027
0 3620027
0 3619027
0 3618027
0 3617027
0 3614027
0 3613027
0 3612027
0 3611027
0 3610027
0 3609027
0 3608027
0 3607027
0 3606027
0 3605027
0 3604027
0 3603027
0 3602027
0 3601027
0 3600027
0 3599027
0 3598027
0 3597027
0 3596027
0 3595027
0 3594027
0 3593027
0 3592027
0 3591027
0 3590027
0 3589027
0 3588027
0 3585027
0 3584027
0 3583027
0 3582027
0 3581027
0 3580027
0 3579027
0 3578027
0 3577027
0 3576027
0 3574027
0 3573027
0 3572027
0 3571027
0 3570027
0 3569027
0 3567027
0 3566027
0 3565027
0 3564027
0 3563027
0 3562027
0 3561027
0 3560027
0 3559027
0 3558027
0 3557027
0 3556027
0 3555027
0 3554027
0 3553027
0 3552027
0 3550027
0 3548027
0 3547027
0 3545027
0 3544027
0 3543027
0 3542027
0 3540027
0 3539027
0 3538027
0 3537027
0 3536027
0 3535027
0 3533027
0 3532027
0 3531027
0 3529027
0 3528027
0 3527027
0 3526027
0 3525027
0 3524027
0 3523027
0 3522027
0 3521027
0 3519027
0 3518027
0 3517027
0 3516027
0 3515027
0 3514027
0 3513027
0 3512027
0 3511027
0 3510027
0 3509027
0 3508027
0 3507027
0 3506027
0 3505027
0 3504027
0 3503027
0 3502027
0 3501027
0 3500027
0 3499027
0 3498027
0 3497027
0 3496027
0 3495027
0 3494027
0 3493027
0 3492027
0 3491027
0 3490027
0 3489027
0 3488027
0 3486027
0 3485027
0 3484027
0 3483027
0 3482027
0 3481027
0 3480027
0 3479027
0 3478027
0 3477027
0 3475027
0 3474027
0 3472027
0 3471027
0 3470027
0 3468027
0 3467027
0 3466027
0 3465027
0 3463027
0 3461027
0 3460027
0 3459027
0 3457027
0 3456027
0 3455027
0 3453027
0 3452027
0 3451027
0 3450027
0 3449027
0 3448027
0 3447027
0 3446027
0 3445027
0 3444027
0 3442027
0 3441027
0 3439027
0 3438027
0 3437027
0 3436027
0 3435027
0 3434027
0 3432027
0 3431027
0 3430027
0 3429027
0 3427027
0 3426027
0 3425027
0 3424027
0 3423027
0 3422027
0 3421027
0 3420027
0 3419027
0 3418027
0 3417027
0 3416027
0 3415027
0 3414027
0 3413027
0 3412027
0 3410027
0 3409027
0 3408027
0 3407027
0 3406027
0 3405027
0 3404027
0 3403027
0 3402027
0 3401027
0 3400027
0 3399027
0 3398027
0 3397027
0 3396027
0 3395027
0 3394027
0 3392027
0 3391027
0 3390027
0 3389027
0 3388027
0 3387027
0 3386027
0 3385027
0 3384027
0 3383027
0 3382027
0 3381027
0 3380027
0 3379027
0 3378027
0 3377027
0 3376027
0 3375027
0 3374027
0 3373027
0 3372027
0 3371027
0 3370027
0 3357027
0 3355027
0 3354027
0 3353027
0 3350027
0 3348027
0 3347027
0 3346027
0 3345027
0 3343027
0 3342027
0 3341027
0 3339027
0 3337027
0 3336027
0 3335027
0 3333027
0 3331027
0 3330027
0 3329027
0 3328027
0 3327027
0 3326027
0 3325027
0 3323027
0 3322027
0 3321027
0 3320027
0 3319027
0 3318027
0 3314027
0 3313027
0 3312027
0 3310027
0 3309027
0 3308027
0 3307027
0 3306027
0 3304027
0 3302027
0 3301027
0 3300027
1 3299027
1 3298027
0 3294027
0 3293027
0 3291027
0 3290027
0 3288027
0 3283027
0 3282027
0 3281027
0 3280027
0 3279027
0 3278027
0 3277027
0 3276027
0 3273027
0 3272027
0 3271027
1 3270027
0 3267027
0 3266027
0 3265027
0 3263027
0 3262027
1 3261027
0 3260027
1 3259027
0 3257027
1 3256027
0 3255027
0 3253027
0 3252027
0 3251027
0 3250027
0 3247027
0 3246027
1 3245027
0 3244027
0 3243027
0 3242027
0 3241027
0 3240027
1 3237027
1 3236027
0 3235027
0 3234027
0 3233027
0 3232027
0 3228027
0 3227027
0 3226027
0 3225027
0 3223027
0 3222027
0 3221027
0 3220027
1 3215027
1 3214027
0 3213027
0 3212027
0 3211027
0 3210027
0 3208027
1 3207027
0 3204027
0 3203027
0 3201027
0 3199027
0 3197027
0 3196027
0 3195027
1 3192027
1 3189027
0 3187027
0 3186027
0 3184027
0 3183027
0 3179027
0 3178027
0 3177027
0 3176027
0 3175027
0 3174027
0 3173027
0 3172027
0 3170027
0 3167027
0 3166027
0 3165027
0 3164027
0 3163027
0 3162027
0 3160027
0 3159027
0 3158027
0 3157027
0 3156027
0 3155027
0 3154027
0 3153027
0 3152027
0 3151027
0 3148027
0 3147027
0 3146027
0 3145027
0 3144027
0 3143027
0 3141027
0 3140027
0 3138027
0 3137027
0 3136027
0 3134027
0 3133027
0 3132027
0 3131027
0 3130027
0 3129027
0 3128027
0 3127027
0 3126027
0 3125027
0 3124027
0 3123027
0 3122027
0 3121027
0 3120027
0 3119027
0 3118027
0 3117027
0 3116027
0 3115027
0 3114027
0 3111027
0 3110027
0 3109027
0 3108027
0 3101027
0 3098027
0 3097027
0 3096027
0 3095027
0 3094027
0 3093027
0 3092027
0 3091027
0 3090027
0 3089027
0 3088027
1 3084027
0 3082027
0 3081027
0 3080027
0 3079027
0 3078027
0 3077027
0 3076027
0 3075027
0 3074027
0 3073027
0 3072027
0 3071027
0 3069027
0 3068027
0 3067027
0 3066027
0 3065027
1 3064027
0 3063027
0 3062027
0 3061027
0 3060027
0 3059027
0 3058027
0 3057027
0 3056027
0 3055027
0 3054027
0 3053027
0 3052027
0 3051027
0 3049027
0 3048027
0 3046027
0 3045027
0 3044027
0 3043027
0 3042027
0 3041027
0 3040027
0 3039027
0 3038027
0 3037027
0 3035027
0 3034027
0 3033027
0 3032027
0 3031027
0 3030027
0 3029027
0 3028027
0 3026027
0 3025027
0 3024027
0 3023027
0 3022027
0 3021027
0 3020027
0 3018027
0 3017027
0 3015027
0 3014027
0 3013027
0 3011027
0 3010027
0 3009027
0 3008027
0 3006027
0 3005027
0 3003027
0 3002027
0 3001027
0 3000027
0 2999027
0 2998027
0 2997027
0 2996027
0 2995027
0 2994027
0 2993027
0 2992027
0 2991027
0 2990027
0 2989027
0 2988027
0 2987027
0 2986027
0 2984027
0 2983027
0 2982027
0 2981027
0 2980027
0 2979027
0 2978027
0 2976027
0 2975027
0 2974027
0 2973027
0 2972027
0 2971027
0 2970027
1 2969027
0 2968027
0 2967027
0 2966027
0 2965027
0 2964027
0 2963027
0 2962027
0 2961027
0 2960027
0 2959027
0 2958027
0 2957027
0 2956027
0 2955027
0 2952027
0 2951027
0 2950027
0 2949027
0 2945027
0 2944027
0 2940027
0 2935027
0 2934027
0 2933027
0 2931027
0 2930027
0 2929027
0 2928027
0 2927027
0 2926027
0 2925027
0 2924027
0 2923027
0 2922027
0 2921027
0 2920027
0 2919027
0 2917027
0 2915027
0 2914027
0 2913027
0 2911027
0 2910027
0 2909027
0 2908027
0 2907027
0 2906027
0 2905027
0 2904027
0 2903027
0 2902027
0 2901027
0 2900027
0 2899027
0 2898027
0 2896027
0 2895027
0 2894027
0 2893027
0 2892027
0 2891027
0 2890027
0 2888027
0 2887027
0 2886027
0 2885027
0 2884027
0 2883027
1 2882027
0 2881027
0 2880027
0 2879027
0 2878027
0 2877027
0 2876027
0 2875027
0 2874027
0 2873027
0 2872027
0 2871027
0 2870027
0 2869027
0 2868027
0 2867027
0 2866027
0 2865027
0 2864027
0 2863027
0 2862027
0 2861027
0 2860027
0 2859027
0 2858027
0 2857027
0 2856027
0 2855027
0 2854027
0 2853027
1 2852027
1 2851027
1 2850027
0 2849027
0 2848027
0 2847027
0 2846027
0 2845027
0 2844027
1 2843027
0 2842027
0 2841027
1 2840027
0 2839027
0 2838027
0 2837027
0 2836027
0 2835027
0 2834027
0 2833027
0 2832027
0 2831027
1 2830027
1 2829027
1 2828027
0 2827027
0 2826027
0 2824027
0 2823027
0 2822027
0 2821027
0 2820027
0 2819027
0 2817027
0 2816027
0 2815027
0 2814027
0 2813027
0 2812027
0 2811027
0 2810027
0 2809027
0 2808027
0 2807027
0 2806027
0 2805027
0 2804027
0 2803027
0 2801027
0 2800027
0 2799027
0 2798027
0 2795027
0 2793027
0 2792027
0 2789027
0 2788027
0 2787027
0 2785027
0 2784027
0 2783027
0 2782027
0 2781027
0 2780027
0 2779027
0 2778027
0 2777027
0 2776027
0 2775027
0 2774027
0 2772027
0 2771027
0 2770027
0 2769027
0 2768027
0 2766027
0 2765027
1 2764027
0 2763027
0 2762027
0 2761027
0 2760027
0 2759027
0 2758027
0 2757027
0 2756027
0 2755027
0 2754027
0 2753027
0 2752027
0 2751027
0 2750027
0 2749027
0 2748027
0 2747027
0 2746027
0 2745027
0 2744027
0 2743027
0 2742027
0 2741027
0 2740027
0 2739027
0 2738027
0 2737027
0 2736027
0 2735027
0 2734027
0 2733027
0 2732027
0 2731027
0 2730027
0 2729027
0 2728027
0 2727027
0 2726027
0 2725027
0 2724027
0 2723027
0 2722027
0 2721027
0 2720027
0 2719027
0 2718027
0 2717027
0 2715027
0 2714027
0 2713027
0 2712027
0 2711027
0 2710027
0 2709027
1 2708027
0 2706027
0 2705027
0 2704027
0 2703027
0 2702027
0 2701027
0 2700027
0 2699027
0 2698027
0 2697027
0 2696027
0 2695027
0 2694027
0 2693027
0 2692027
0 2691027
0 2690027
0 2689027
0 2688027
0 2687027
0 2686027
0 2685027
0 2684027
0 2683027
0 2682027
0 2681027
0 2679027
0 2678027
0 2677027
0 2676027
0 2675027
0 2674027
0 2673027
0 2672027
0 2671027
0 2670027
0 2669027
0 2668027
0 2667027
0 2666027
0 2665027
0 2664027
0 2663027
0 2662027
0 2661027
0 2660027
0 2659027
0 2658027
0 2657027
0 2656027
0 2655027
0 2654027
0 2653027
0 2651027
0 2650027
0 2649027
0 2648027
0 2647027
0 2646027
0 2645027
0 2644027
0 2643027
0 2642027
0 2641027
0 2640027
0 2639027
0 2638027
0 2637027
0 2636027
0 2635027
0 2634027
0 2633027
0 2632027
0 2631027
0 2630027
0 2628027
0 2627027
0 2626027
0 2625027
0 2624027
0 2623027
0 2621027
0 2620027
0 2619027
0 2618027
0 2617027
0 2616027
0 2615027
0 2614027
0 2613027
0 2611027
0 2610027
0 2609027
0 2608027
0 2607027
0 2606027
0 2605027
0 2604027
0 2603027
0 2602027
0 2601027
0 2600027
0 2599027
0 2597027
0 2596027
0 2595027
0 2594027
0 2593027
0 2591027
0 2588027
0 2586027
0 2584027
0 2583027
0 2582027
0 2581027
0 2580027
0 2579027
0 2578027
0 2577027
0 2576027
0 2575027
0 2567027
0 2543027
0 2542027
0 2541027
0 2539027
0 2538027
0 2537027
0 2536027
0 2534027
0 2533027
0 2532027
0 2531027
0 2530027
0 2529027
0 2527027
0 2526027
0 2525027
0 2524027
0 2523027
0 2522027
0 2520027
0 2519027
0 2518027
0 2517027
0 2515027
0 2514027
0 2513027
0 2512027
0 2511027
0 2510027
0 2507027
0 2506027
0 2505027
0 2504027
0 2503027
0 2502027
0 2501027
0 2500027
0 2499027
0 2497027
0 2494027
0 2490027
0 2487027
0 2486027
0 2485027
0 2483027
0 2482027
0 2481027
0 2480027
0 2478027
0 2475027
0 2474027
0 2473027
0 2469027
0 2466027
0 2462027
0 2458027
0 2457027
0 2456027
0 2455027
0 2454027
0 2452027
0 2450027
0 2448027
0 2447027
0 2446027
0 2441027
0 2439027
0 2437027
0 2436027
0 2434027
0 2433027
0 2432027
0 2428027
0 2427027
0 2426027
0 2424027
0 2421027
0 2420027
0 2414027
0 2413027
0 2411027
0 2410027
0 2409027
0 2408027
0 2405027
0 2404027
0 2402027
0 2401027
0 2399027
0 2396027
0 2394027
0 2393027
0 2392027
0 2391027
0 2389027
0 2388027
0 2386027
0 2384027
0 2383027
0 2382027
0 2381027
0 2379027
0 2378027
0 2377027
0 2376027
0 2375027
0 2374027
0 2373027
0 2372027
0 2370027
0 2369027
0 2367027
0 2366027
0 2365027
0 2362027
1 2361027
0 2357027
0 2356027
0 2355027
0 2354027
0 2353027
0 2351027
0 2350027
0 2349027
0 2348027
0 2347027
0 2346027
0 2345027
0 2341027
0 2340027
0 2339027
0 2337027
0 2336027
0 2335027
0 2334027
0 2332027
0 2331027
0 2330027
0 2328027
0 2326027
0 2325027
0 2324027
0 2323027
0 2321027
0 2320027
0 2319027
0 2318027
0 2317027
0 2315027
0 2314027
0 2313027
0 2311027
0 2308027
0 2307027
0 2306027
0 2305027
0 2304027
0 2303027
0 2302027
0 2301027
0 2300027
0 2299027
0 2298027
0 2297027
0 2296027
0 2295027
0 2294027
0 2293027
0 2292027
0 2291027
0 2289027
0 2288027
0 2287027
0 2286027
0 2285027
0 2284027
0 2283027
0 2282027
0 2281027
0 2280027
0 2279027
0 2278027
0 2277027
0 2276027
0 2275027
0 2274027
0 2273027
0 2272027
0 2271027
0 2270027
0 2269027
0 2268027
0 2267027
0 2266027
0 2265027
0 2264027
0 2263027
0 2262027
0 2261027
0 2260027
0 2258027
0 2256027
0 2255027
0 2254027
0 2253027
0 2252027
0 2251027
0 2250027
0 2249027
0 2248027
0 2247027
0 2246027
0 2245027
0 2244027
0 2243027
0 2242027
0 2241027
0 2239027
0 2238027
0 2237027
0 2236027
0 2235027
0 2234027
0 2233027
0 2232027
0 2231027
0 2230027
0 2229027
0 2228027
0 2227027
0 2226027
0 2225027
0 2224027
0 2223027
0 2222027
0 2221027
0 2220027
0 2219027
0 2218027
0 2217027
0 2216027
0 2215027
0 2214027
0 2213027
0 2212027
0 2211027
0 2210027
0 2209027
0 2208027
0 2207027
0 2206027
0 2205027
0 2204027
0 2203027
0 2202027
0 2201027
0 2200027
0 2199027
0 2198027
0 2197027
0 2196027
0 2195027
0 2194027
0 2192027
0 2191027
0 2190027
0 2189027
0 2187027
0 2186027
0 2185027
0 2183027
0 2181027
0 2180027
0 2179027
0 2178027
0 2177027
0 2176027
1 2175027
0 2174027
0 2173027
0 2169027
0 2166027
0 2161027
0 2160027
0 2159027
0 2158027
0 2157027
0 2155027
0 2154027
0 2153027
0 2152027
0 2151027
0 2150027
0 2149027
1 2148027
0 2146027
1 2145027
1 2144027
0 2143027
0 2142027
0 2140027
0 2139027
0 2138027
0 2137027
0 2136027
0 2135027
0 2134027
0 2133027
0 2132027
0 2131027
0 2130027
0 2129027
0 2128027
0 2127027
0 2125027
0 2124027
0 2123027
0 2122027
0 2121027
0 2120027
0 2118027
0 2117027
0 2116027
0 2114027
0 2113027
0 2112027
0 2111027
0 2101027
0 2100027
0 2098027
0 2097027
0 2095027
0 2094027
0 2093027
0 2092027
0 2070027
0 2069027
0 2068027
0 2067027
0 2066027
1 2065027
1 2064027
0 2063027
0 2062027
0 2061027
0 2060027
0 2059027
0 2058027
0 2057027
0 2056027
0 2055027
0 2054027
0 2051027
0 2050027
0 2049027
0 2047027
0 2044027
0 2043027
0 2042027
0 2041027
0 2036027
0 2035027
0 2034027
0 2033027
0 2032027
0 2031027
0 2025027
0 2024027
0 2023027
0 2022027
0 2021027
0 2020027
0 2015027
0 2014027
0 2013027
0 2012027
0 2011027
0 2010027
0 2009027
0 2008027
0 2007027
0 2006027
0 2005027
0 2004027
0 2003027
0 1995027
0 1993027
0 1992027
1 1991027
0 1990027
1 1989027
0 1988027
0 1987027
0 1986027
0 1985027
0 1984027
0 1983027
0 1982027
0 1981027
0 1980027
0 1979027
0 1978027
0 1977027
0 1976027
0 1975027
0 1974027
0 1973027
0 1972027
0 1971027
0 1970027
0 1969027
0 1968027
0 1967027
1 1966027
0 1965027
0 1964027
0 1963027
0 1962027
0 1961027
0 1960027
0 1959027
0 1958027
0 1957027
0 1956027
0 1955027
0 1954027
0 1952027
0 1951027
0 1948027
0 1947027
0 1944027
0 1942027
0 1940027
0 1937027
0 1936027
0 1935027
0 1934027
0 1933027
0 1932027
0 1930027
0 1928027
0 1926027
0 1925027
0 1924027
0 1923027
0 1922027
0 1921027
0 1920027
0 1919027
0 1918027
0 1916027
0 1915027
0 1914027
0 1913027
0 1912027
0 1911027
0 1910027
0 1908027
1 1905027
1 1904027
0 1903027
0 1902027
0 1901027
0 1900027
0 1899027
0 1898027
0 1896027
0 1894027
0 1893027
0 1892027
0 1888027
0 1887027
0 1886027
0 1885027
0 1884027
0 1883027
0 1882027
0 1881027
0 1879027
0 1878027
0 1876027
0 1874027
0 1873027
0 1868027
0 1867027
0 1866027
0 1865027
0 1863027
0 1862027
0 1861027
0 1860027
0 1859027
0 1858027
0 1855027
0 1854027
0 1850027
0 1849027
0 1848027
0 1845027
0 1844027
0 1843027
0 1842027
0 1832027
1 1831027
0 1830027
0 1827027
0 1826027
0 1824027
0 1823027
0 1820027
0 1818027
0 1814027
0 1813027
0 1812027
0 1811027
0 1808027
0 1804027
0 1803027
0 1802027
0 1801027
0 1800027
0 1799027
0 1798027
0 1797027
0 1795027
0 1793027
0 1789027
0 1788027
0 1787027
0 1786027
0 1782027
0 1781027
0 1780027
0 1779027
0 1778027
0 1776027
0 1774027
0 1773027
0 1772027
0 1771027
0 1770027
0 1768027
0 1767027
0 1766027
0 1765027
0 1763027
0 1762027
0 1759027
0 1750027
0 1748027
0 1747027
0 1746027
0 1743027
0 1742027
0 1741027
0 1740027
0 1739027
0 1738027
0 1737027
0 1736027
0 1735027
0 1734027
0 1732027
0 1731027
0 1730027
0 1727027
0 1725027
0 1720027
0 1719027
0 1718027
0 1717027
0 1716027
0 1715027
0 1714027
0 1713027
0 1712027
0 1705027
0 1704027
0 1703027
0 1702027
0 1701027
0 1697027
0 1696027
0 1694027
0 1693027
0 1692027
0 1691027
0 1690027
0 1689027
0 1688027
1 1686027
1 1682027
0 1679027
0 1678027
0 1677027
0 1675027
0 1674027
0 1671027
0 1670027
0 1669027
0 1668027
0 1667027
0 1666027
0 1663027
0 1662027
1 1661027
0 1660027
0 1659027
0 1658027
0 1657027
0 1656027
0 1655027
0 1654027
0 1653027
0 1652027
0 1651027
0 1650027
0 1649027
0 1646027
0 1645027
0 1644027
0 1643027
0 1641027
0 1640027
0 1639027
0 1637027
0 1636027
0 1635027
0 1634027
0 1633027
0 1632027
0 1631027
0 1630027
0 1629027
0 1628027
0 1626027
0 1625027
0 1624027
0 1623027
0 1622027
0 1621027
0 1620027
0 1619027
0 1618027
0 1617027
0 1616027
0 1615027
0 1614027
0 1613027
0 1612027
0 1611027
0 1610027
0 1609027
0 1608027
0 1605027
0 1604027
0 1603027
0 1602027
0 1601027
0 1597027
0 1595027
0 1594027
0 1588027
0 1586027
0 1584027
0 1582027
0 1578027
0 1576027
0 1573027
0 1572027
0 1571027
0 1569027
0 1568027
0 1566027
0 1565027
0 1563027
0 1560027
0 1559027
0 1558027
0 1557027
0 1555027
0 1552027
0 1551027
0 1550027
0 1547027
0 1545027
0 1543027
0 1541027
0 1540027
0 1539027
0 1538027
0 1536027
0 1535027
0 1534027
0 1532027
0 1530027
0 1529027
0 1528027
0 1527027
0 1525027
0 1521027
0 1520027
0 1519027
0 1517027
0 1516027
0 1515027
0 1514027
0 1513027
0 1512027
0 1510027
0 1509027
0 1507027
0 1506027
0 1502027
0 1498027
0 1496027
0 1489027
0 1487027
0 1485027
0 1484027
0 1482027
0 1481027
0 1480027
0 1479027
0 1478027
0 1476027
0 1475027
0 1474027
0 1473027
0 1471027
0 1466027
0 1465027
0 1464027
0 1463027
0 1462027
0 1461027
0 1459027
0 1458027
0 1457027
0 1456027
0 1455027
0 1454027
0 1453027
0 1452027
0 1451027
0 1450027
0 1449027
0 1448027
0 1447027
0 1445027
0 1444027
0 1442027
0 1441027
0 1439027
0 1438027
0 1437027
0 1433027
0 1430027
0 1429027
0 1428027
0 1426027
0 1425027
0 1423027
0 1419027
0 1417027
0 1415027
0 1414027
0 1412027
0 1411027
0 1350027
0 1331027
0 1325027
0 1285027
0 1284027
0 1283027
0 1282027
0 1281027
0 1280027
0 1279027
0 1278027
0 1277027
0 1276027
0 1275027
0 1274027
0 1273027
0 1272027
1 1271027
0 1270027
0 1269027
0 1268027
0 1267027
0 1266027
0 1265027
0 1264027
0 1263027
0 1262027
0 1260027
0 1259027
0 1258027
0 1257027
0 1256027
0 1255027
0 1254027
0 1253027
0 1252027
0 1251027
0 1250027
0 1249027
0 1248027
0 1247027
0 1246027
0 1245027
0 1244027
0 1242027
0 1241027
0 1240027
0 1239027
0 1238027
0 1237027
0 1236027
0 1235027
0 1234027
0 1233027
0 1232027
0 1231027
0 1230027
0 1229027
0 1228027
0 1227027
0 1226027
0 1225027
0 1223027
0 1222027
0 1221027
0 1220027
0 1219027
0 1218027
0 1217027
0 1216027
0 1215027
0 1214027
0 1213027
0 1212027
0 1211027
0 1210027
0 1209027
0 1208027
0 1206027
0 1205027
0 1204027
0 1203027
0 1201027
0 1200027
0 1199027
0 1198027
0 1197027
0 1196027
0 1195027
0 1194027
0 1193027
0 1192027
0 1191027
0 1190027
0 1189027
0 1188027
0 1187027
0 1186027
0 1185027
0 1184027
0 1183027
0 1182027
0 1181027
0 1180027
0 1179027
0 1178027
0 1177027
0 1176027
0 1175027
0 1174027
0 1173027
0 1172027
0 1171027
0 1170027
0 1169027
0 1168027
0 1167027
0 1166027
0 1165027
0 1164027
0 1163027
0 1162027
0 1161027
0 1160027
0 1159027
0 1158027
0 1157027
0 1156027
0 1155027
0 1154027
0 1153027
0 1152027
0 1151027
0 1150027
0 1148027
0 1147027
0 1145027
0 1144027
0 1143027
0 1142027
0 1141027
0 1140027
0 1139027
0 1138027
0 1137027
0 1135027
0 1134027
0 1132027
0 1082027
0 1080027
0 1079027
0 1078027
0 1076027
0 1075027
0 1074027
0 1073027
0 1072027
0 1071027
0 1070027
1 1069027
0 1068027
0 1067027
0 1066027
0 1065027
0 1064027
0 1063027
0 1062027
0 1061027
0 1060027
0 1059027
0 1058027
0 1057027
0 1056027
0 1055027
0 1053027
0 1052027
1 1051027
1 1050027
0 1048027
0 1045027
0 1042027
0 1039027
0 1037027
0 1036027
0 1035027
0 1034027
0 1033027
0 1032027
0 1031027
0 1030027
0 1029027
0 1028027
0 1027027
0 1026027
0 1025027
0 1024027
0 1023027
0 1021027
0 1020027
0 1019027
0 1018027
0 1017027
0 1015027
0 1014027
0 1013027
0 1010027
0 1008027
0 1005027
0 1003027
0 1002027
0 1001027
0 1000027
0 999027
0 998027
0 996027
0 995027
0 993027
0 992027
0 991027
0 990027
0 989027
0 988027
0 986027
0 985027
0 984027
0 983027
0 982027
0 981027
0 979027
0 978027
0 977027
0 976027
0 975027
0 974027
0 973027
0 972027
0 971027
0 970027
0 968027
0 967027
0 966027
0 965027
0 962027
1 960027
0 953027
0 949027
0 948027
0 947027
0 946027
0 945027
0 944027
0 943027
0 942027
0 941027
0 940027
0 939027
0 938027
0 937027
0 936027
0 935027
0 934027
0 933027
0 932027
0 931027
0 930027
0 929027
0 927027
0 926027
0 925027
0 924027
0 923027
0 922027
0 921027
0 920027
0 919027
0 918027
0 917027
0 916027
0 914027
0 913027
0 912027
0 911027
0 910027
0 909027
0 908027
0 907027
0 906027
0 905027
0 904027
0 901027
0 899027
0 898027
0 897027
0 896027
0 895027
0 894027
0 893027
0 891027
0 890027
0 889027
0 887027
0 886027
0 885027
0 884027
0 883027
0 882027
0 881027
0 879027
0 878027
0 877027
0 876027
0 875027
0 874027
0 872027
0 871027
0 870027
0 869027
0 868027
0 867027
0 866027
0 865027
0 864027
0 863027
0 862027
0 861027
0 860027
0 859027
0 857027
0 856027
0 855027
0 854027
0 853027
0 852027
0 851027
0 850027
0 849027
0 847027
0 846027
0 845027
0 844027
0 843027
0 842027
0 841027
0 840027
0 839027
0 838027
0 837027
0 836027
0 835027
0 834027
0 833027
0 832027
0 831027
0 830027
0 829027
0 828027
0 827027
0 826027
0 825027
0 824027
0 823027
0 822027
0 821027
0 820027
0 818027
0 817027
0 816027
0 815027
0 814027
0 813027
0 812027
0 811027
0 810027
0 809027
0 808027
0 807027
0 806027
0 805027
0 804027
0 803027
0 802027
0 801027
0 800027
0 799027
0 798027
0 797027
0 796027
0 795027
0 793027
0 791027
0 790027
0 787027
0 785027
0 784027
0 783027
0 782027
0 780027
0 775027
0 773027
0 772027
0 771027
0 770027
0 768027
0 767027
0 765027
0 764027
0 762027
0 759027
0 758027
0 757027
0 756027
0 755027
0 754027
0 753027
0 752027
0 751027
0 750027
0 749027
0 748027
0 747027
0 746027
0 745027
0 744027
0 743027
0 742027
0 741027
0 740027
0 739027
0 738027
0 737027
0 736027
0 735027
0 733027
0 732027
0 731027
0 727027
0 726027
0 725027
0 724027
0 723027
0 722027
0 721027
0 720027
0 719027
0 718027
0 717027
0 715027
0 708027
0 707027
0 706027
0 705027
0 702027
0 701027
0 698027
0 695027
0 693027
0 692027
0 690027
0 688027
0 687027
0 686027
0 682027
0 680027
0 677027
0 676027
0 675027
0 674027
0 673027
0 672027
0 671027
0 670027
0 669027
0 668027
0 667027
0 666027
0 665027
0 664027
0 663027
0 662027
0 661027
0 660027
0 659027
0 658027
0 657027
0 656027
0 655027
0 654027
0 653027
0 652027
0 651027
0 650027
0 649027
0 648027
0 647027
0 646027
0 644027
1 643027
0 640027
0 638027
0 637027
0 636027
0 635027
0 633027
0 632027
0 631027
0 629027
0 628027
0 627027
0 626027
0 625027
0 624027
0 623027
0 622027
0 621027
0 620027
0 619027
0 616027
0 615027
0 614027
0 613027
0 610027
0 609027
0 607027
0 606027
0 605027
0 604027
0 603027
0 602027
0 598027
0 596027
0 595027
0 592027
0 591027
0 589027
0 588027
0 587027
0 585027
0 584027
0 582027
0 581027
0 580027
0 579027
0 577027
0 576027
0 574027
0 573027
0 572027
0 571027
0 570027
0 569027
0 568027
0 567027
0 566027
0 565027
0 564027
0 563027
1 562027
0 561027
0 560027
0 559027
0 558027
0 557027
0 555027
0 553027
0 551027
0 550027
0 549027
0 547027
0 545027
0 544027
0 543027
0 542027
0 541027
0 540027
0 539027
0 538027
0 537027
0 536027
0 535027
0 534027
0 533027
0 532027
0 531027
0 527027
0 525027
0 523027
0 521027
0 520027
0 518027
0 517027
0 516027
0 515027
0 514027
0 510027
0 509027
0 508027
0 507027
0 505027
0 504027
0 503027
0 502027
0 498027
0 497027
0 496027
0 495027
0 493027
0 492027
0 488027
0 487027
0 486027
0 485027
0 484027
0 483027
0 481027
0 480027
0 479027
0 478027
0 477027
0 476027
0 471027
0 470027
0 469027
0 464027
0 463027
0 461027
0 459027
0 457027
0 455027
0 454027
0 453027
0 452027
0 451027
0 450027
0 449027
0 447027
0 445027
0 444027
0 439027
0 438027
0 437027
0 436027
0 434027
0 433027
0 426027
0 424027
0 423027
0 422027
0 421027
0 418027
0 417027
0 416027
0 415027
0 414027
0 413027
0 412027
1 410027
0 409027
0 408027
0 407027
0 406027
0 405027
0 403027
0 399027
0 397027
0 396027
0 393027
0 392027
0 391027
0 388027
0 386027
0 385027
0 382027
0 379027
0 378027
0 377027
0 376027
0 375027
0 374027
1 373027
0 372027
0 371027
1 368027
1 367027
0 366027
1 365027
0 364027
0 362027
1 361027
0 360027
0 359027
0 357027
0 356027
0 352027
0 351027
0 350027
0 349027
0 348027
0 347027
0 346027
0 345027
0 344027
0 343027
0 342027
0 341027
0 340027
0 339027
0 335027
0 334027
0 333027
0 332027
0 331027
1 329027
0 328027
0 327027
0 326027
0 325027
0 324027
0 323027
0 322027
0 321027
0 320027
0 317027
0 314027
0 313027
0 312027
0 311027
0 308027
0 307027
0 306027
0 304027
0 303027
0 302027
0 301027
0 300027
0 299027
0 294027
0 293027
0 292027
0 291027
0 289027
0 287027
0 286027
0 285027
0 284027
0 282027
1 281027
0 280027
0 279027
0 278027
0 277027
0 275027
1 274027
0 272027
0 270027
0 269027
0 267027
0 265027
0 264027
0 263027
0 262027
0 261027
0 260027
0 258027
0 257027
0 256027
0 254027
0 253027
0 251027
0 250027
0 248027
0 247027
0 246027
0 245027
0 244027
0 243027
0 241027
0 240027
0 239027
0 238027
0 237027
0 236027
0 234027
0 233027
0 232027
0 231027
0 230027
0 225027
0 224027
0 223027
0 222027
0 221027
0 220027
0 219027
1 218027
0 217027
0 216027
0 215027
0 214027
0 213027
0 212027
0 211027
0 210027
0 209027
0 207027
0 206027
0 205027
1 204027
0 203027
0 202027
0 201027
0 199027
0 198027
0 196027
0 195027
0 194027
0 193027
0 192027
0 191027
0 190027
0 189027
0 188027
0 187027
0 186027
0 185027
0 184027
0 183027
0 181027
0 180027
0 179027
0 178027
0 177027
0 176027
0 173027
0 125027
0 124027
0 123027
0 119027
0 118027
0 117027
0 114027
0 113027
0 112027
0 111027
0 110027
0 109027
0 108027
0 107027
0 102027
0 101027
0 100027
0 99027
0 98027
0 97027
0 95027
0 94027
0 92027
0 89027
1 88027
0 87027
0 85027
0 84027
0 83027
0 79027
0 76027
0 74027
0 72027
0 71027
0 64027
0 62027
0 61027
0 60027
0 59027
0 57027
0 56027
0 55027
0 53027
0 51027
0 50027
0 47027
0 46027
0 45027
0 43027
0 42027
0 38027
0 37027
0 36027
0 35027
0 34027
0 33027
0 31027
0 30027
0 29027
0 28027
0 27027
0 26027
0 24027
0 22027
0 21027
0 20027
0 19027
0 18027
0 15027
0 14027