209011
816011
1024011
1079011
2830011
2831011
3188011
6943011
6917011
7140011
11124011
7624011
10847011
10878011
10940011
11110011
11243011
13263011
13279011
16327011
16414011
16429011
16643011
16642011
16646011
15011
48011
73011
74011
122011
123011
198011
210011
343011
579011
926011
892011
898011
1025011
2028011
2168011
3460011
3461011
4474011
4640011
4756011
4956011
5263011
5318011
5207011
5647011
5820011
6312011
6356011
6519011
6527011
7016011
7639011
7874011
7809011
8233011
8427011
10751011
11090011
11276011
11251011
11295011
12207011
12620011
13181011
13354011
13595011
13723011
13691011
13646011
13673011
13888011
14072011
14074011
14073011
14249011
14182011
14348011
14471011
14640011
14639011
14701011
14832011
14989011
15017011
14901011
15271011
15944011
16210011
16024011
16325011
16454011
16431011
16467011
16457011
16513011
16546011
16552011
16613011
16693011
16721011
32011
41011
54011
72011
82011
85011
125011
127011
115011
148011
243011
281011
338011
310011
366011
394011
418011
605011
598011
669011
660011
827011
920011
964011
969011
1037011
1038011
1116011
1117011
1300011
1566011
2372011
2986011
3187011
3212011
3273011
3452011
4381011
4588011
4609011
4875011
5198011
5622011
5959011
5956011
5995011
6052011
6115011
6116011
6296011
6555011
6565011
6453011
6596011
6388011
6642011
7067011
7022011
6974011
7027011
7047011
7050011
6953011
7620011
7622011
7509011
7844011
7820011
8069011
8154011
8327011
8387011
8378011
8635011
9160011
8987011
9536011
9803011
10318011
10320011
10610011
10661011
10954011
10993011
10968011
11017011
11124011
11204011
11157011
11225011
11299011
11298011
11302011
11314011
11397011
11193011
11777011
11827011
11946011
11853011
12228011
12340011
12408011
12661011
12753011
13404011
13512011
13525011
13541011
13631011
13641011
13623011
13606011
13650011
13754011
13767011
13779011
12863011
14055011
14014011
14409011
14416011
14419011
14516011
14486011
14485011
14576011
14581011
14616011
14765011
14777011
14857011
14854011
15005011
15039011
14476011
15198011
15295011
15314011
15910011
15941011
15966011
15993011
15996011
16364011
16361011
16395011
16387011
16399011
16412011
16494011
16459011
16413011
16434011
16458011
16455011
16488011
16501011
16526011
16654011
16551011
16590011
16591011
16653011
16749011
16753011
759025
757025
758025
4809025
158025
157025
1221025
156025
3829025
3928025
38025
135025
438025
1239025
1468025
1717025
2273025
2689025
2864025
2865025
3221025
3623025
3618025
3964025
4781025
1775170
3595170
1760170
5154170
2232013
1339013
1439013
1452013
1686013
2093013
3043013
739013
847013
846013
923013
1436013
1441013
1382013
1383013
1380013
1413013
1440013
1649013
1651013
1648013
2230013
2323013
2529013
3040013
3288013
3506013
3505013
3887013
3909013
3907013
3911013
3904013
5701042
7657042
7627042
7669042
7617042
7622042
10129042
130042
173012
212042
2674042
2754042
2861042
3593042
3678042
4269042
4271042
4991042
5659042
5746042
5867042
5870042
5846042
7046042
7062042
7371042
7500042
7546042
7663042
7598042
7654042
7618042
7635042
7612042
7659042
7637042
7648042
7643042
7636042
7644042
7789042
8073042
8151042
9354042
9462042
9894042
9922042
68042
133042
1092042
1353042
1652042
1663042
1695042
1800042
1884042
1957042
2493042
2495042
2671042
2837042
2890042
3010042
2980042
3172042
3530042
3586042
3602042
3622042
3723042
3797042
3781042
3787042
3802042
3782042
4449042
4444042
4443042
4297042
4489042
4426042
4478042
4500042
4629042
4738042
4739042
4852042
4909042
5291042
5565042
5714042
5795042
5821042
5850042
5826042
5853042
5877042
6080042
6163042
6432042
6650042
6643042
7122042
7113042
7235042
7072042
7092042
7364042
7469042
7502042
7559042
7633042
7590042
7619042
7642042
7647042
7588042
7646042
7599042
7615042
7634042
7676042
7670042
7677042
7630042
7652042
7616042
7915042
8883042
9085042
9016042
9180042
9945042
9950042
9944042
9986042
9990042
10051042
34027
107027
722027
1873027
1995027
2044027
4753027
851027
1246027
2094027
2149027
2537027
2760027
3199027
3226027
3240027
3277027
4502027
4804027
5044027
1872025
11105042
11256011
1432170
18154011
6566011
6035042
9717042
10194042
733170
11740011
921025
10292042
4181011
7318170
4069042
18184011
5174025
3610042
8384011
2903027
2934013
941013
5435170
11781011
8678170
221025
727042
18068011
5015025
9315011
17383011
4835027
385027
15112011
6645170
7076170
1804027
6025027
14708011
919027
1101042
783011
3785025
2543027
11324011
15603011
5291170
2242011
976027
15224011
8798170
9915042
8515170
1257027
8340170
3276042
957042
11990011
7435042
2371042
3864025
11028011
376027
5778170
11493011
16496011
8781011
1122025
9287042
1959013
278013
547027
2383011
7695011
3780027
1098042
597025
2473025
5864170
2667042
892013
1919027
6903042
5964011
4695027
6033170
692027
3499027
10064011
2616025
5625027
1873170
17536011
1975027
6124011
948013
2366170
3611013
2398042
4223013
1839013
16515011
1823042
641011
780042
2117011
6482170
8114011
138170
2510027
7658011
4695042
2076042
4601027
4115011
1415025
4706011
250013
8582042
5183027
12314011
3356025
1458013
18012011
4145011
4237027
1211027
5852011
2311170
16173011
3735025
6946042
2341011
11508011
4202025
295042
1280011
132042
1079025
1083011
3244027
10956042
12074011
1484027
8378170
1955042
18287011
3833013
6013027
4878013
8141042
9009170
1418042
10435011
408027
6249011
777042
15029011
8561170
9692011
1763027
3456027
2935025
17569011
2332042
2382025
6954042
7802011
12955011
5490170
3239042
6252170
1380170
5764011
6019011
6140042
632025
5123011
5130011
5365011
3029011
1020042
7484011
4455025
2872027
6764042
1687042
1947013
9807011
1739027
3445027
4213011
4231011
3658027
11116011
835025
6025042
6247170
3129027
657013
113042
619013
4473013
1389170
10240011
15347011
1585011
8114170
13035011
2330011
177013
3386025
8855011
12941011
3494025
12820011
17763011
4177042
13658011
4338013
3745027
8091170
682027
9835042
4119025
11069011
2468042
320170
2541027
2759027
516170
1106011
17338011
2416170
10594042
4689027
8736042
12543011
5808170
13242011
5107027
2530013
7965170
2581042
1404013
4368013
15950011
3043042
1010011
6805011
5283027
16186011
17366011
1212025
5828042
3278027
4612011
5797011
3144042
12123011
9460011
4151025
2376025
3934013
344025
2699025
17500011
3094025
7276042
5877011
5030011
270170
3056027
1844025
18111011
3400042
192025
9621042
1308013
1905013
3479011
14279011
4962011
220027
10564011
4532013
1515025
14784011
7471011
11816011
5272042
2358011
8092011
15340011
7239170
9591011
3183011
13674011
8324011
3072011
17577011
3969027
3485011
3922027
5063011
1499170
574027
1304170
5538011
5833027
923027
6341042
15379011
14123011
4498011
5746170
3090011
1423042
762042
8013042
2003025
8883011
15169011
5224025
4521013
1716027
5155170
2138011
4348025
1167011
10234042
927025
4219027
592013
1787042
6370170
364027
275042
3718042
720013
9837011
12230011
3071025
4696013
7521011
4663027
4632027
4904027
3158025
15356011
4179011
15287011
2914027
3763011
1250025
5941027
4990011
6316170
2059011
4180013
11164011
3820013
4891011
1882011
62042
6046170
18129011
5845027
1213042
10646042
4833042
2819027
16876011
16890011
4513011
10758011
1015170
10731042
2740013
4144013
5694170
22042
9450042
7498042
1521042
2167025
7641170
3373025
14791011
1852042
6721042
10622042
2810042
8797011
7085042
3839042
3611025
3204011
10435042
10514042
1282013
8934170
16495011
2280042
940013
7047170
3901027
6133170
1376042
310042
11835011
5861027
9831011
15973011
881013
1815011
12411011
1602042
6166011
25013
5140042
4540013
7854042
5020042
8806011
908025
2051042
4408011
2143025
10866042
2135170
733025
18168011
6520011
8455042
3484011
8869170
5405042
7751170
8959170
753011
14890011
3430011
9068011
9257011
3466027
4161013
5014011
6041027
3824025
3595042
3498027
7799011
4958011
11363011
5221011
9313042
4186025
4234027
4985027
1664042
2229027
4727027
6135042
7426042
6670170
3955025
6739042
8276170
1295013
2064042
2894025
2716011
1188025
2149170
15582011
2539025
5633170
4730011
11263042
1322170
4219011
14986011
9905042
1146011
3431042
5082011
7532170
2631011
2703042
7917011
1136170
3030027
5275042
1035170
2098025
91025
6089170
2805025
1469025
14023011
1175013
1903011
7669170
13262011
19042
4693027
18249011
1455027
5106042
17347011
7992170
4658042
3163027
6874170
9224011
2193013
2118042
571025
4544013
1149011
13972011
1041011
5503042
3486013
623027
2330170
4860027
4896027
9400042
6420170
2407013
13828011
3206025
4284042
7267170
775013
919025
3403027
6112170
1543027
308170
6307170
2108013
543042
1926042
3768025
1512027
2777011
187013
11082042
564170
12633011
7272042
2700025
673011
1375013
1448170
11624011
7420011
11622011
1219027
3741042
1216042
5270027
1120170
912170
1496025
7687042
2197027
16475011
2978013
7855170
244170
3686027
6187011
14319011
709042
5652042
8825170
2913013
8109170
891170
10941011
14970011
681013
5199042
7879011
16334011
1663013
10808042
1581042
4447013
3081013
1056027
4934011
3551025
1359025
694042
10658011
7152170
2535011
130170
2312042
8530011
2789025
3834011
11440011
1968027
198170
8768042
3304011
3109025
8441011
3432013
6205170
16834011
2609011
524042
4701027
5187170
16470011
4653042
469027
4625042
5923170
3878027
2233027
975011
1939042
10126042
7282170
7128042
721170
8400011
1278025
5679027
13137011
1152025
4548042
5214025
9354011
2495025
3393025
520027
5062042
3229011
301170
4909013
144025
10601011
3912025
3546025
12082011
4904013
14740011
6979042
248042
2258042
15210011
6644042
2483025
7880170
5450042
2006011
1031011
5037027
4939013
2745042
6283011
2631025
1753013
2684013
5849170
9806011
2171042
8279011
8322170
7485170
1548025
8043011
5083025
6178170
6652042
7555170
1050013
5648042
2628013
4178013
15575011
6030027
8024170
2262027
3610011
8115042
6402170
5398170
1711025
1273027
2256027
7979011
1827025
5680042
15119011
690042
9810011
8206042
1847013
9761011
15611011
3078025
5913027
14869011
8092042
4437025
2817025
4315027
3388027
4598027
14594011
17392011
6356170
7223170
4129042
4851013
1201013
4614011
4979027
1595170
15687011
15483011
17371011
9680011
2277170
1507027
5486170
5038042
4427025
2767025
7133170
5162025
3633027
1697170
5411170
87013
1658013
1642170
4546027
1440042
11050011
3125027
7878170
4543013
1830170
8065170
9416042
1833025
9420011
1723042
1055025
3374025
5266042
2406011
4375013
6433170
4806042
14374011
1235042
7250170
5971011
4750042
4792027
541025
2485027
15048011
4237042
9876011
829042
8564011
2213025
5584042
190011
1792011
7866042
10906042
657027
8779011
9175011
2519025
8627170
8439011
2176170
1957011
6495042
3420025
9258042
5122170
3067025
16569011
650027
1579011
976170
882013
10671042
6326042
8481011
10835042
12562011
6365011
8944170
1620013
7621170
2131042
11338011
6102170
6983170
7142011
2165042
10710042
12512011
10596011
11891011
5510011
4446011
3457027
6951042
17196011
2739042
353042
1836170
4310025
2024011
3559042
10466042
140011
18288011
575013
6025170
5988042
4303013
1143025
17646011
5168025
4403027
4646027
647013
7595170
2581025
5547011
2715011
12717011
2297027
6757011
13925011
707011
6091170
2617013
1088042
8721042
4146025
11644011
8762042
3972025
5884042
16647011
4362011
4606027
17496011
8841042
1704170
8319011
7745042
1516025
7508011
849011
1437025
5570042
2921011
2315013
1549042
9633042
7566170
11317042
1670027
5778011
12343011
2677027
9171011
5945027
11145011
473011
5596027
3533042
511013
5834011
3308027
5851042
435013
1611011
11230011
2177042
1302013
7842011
16637011
11810011
10588011
5519011
8536042
3455013
12965011
7444170
4642027
1116170
5697042
12816011
6872170
4651042
2519011
1657027
5795011
6186042
5077042
3785013
1086042
5757170
1761170
5172025
1948025
17526011
5949170
6802042
8942170
9942011
3822013
5842027
14841011
2659013
11609011
3873027
882011
10597042
2584013
7230170
5061042
4439011
7276011
2065025
5966042
1302170
1234027
2563025
157042
804027
3292025
1656013
6773011
11039042
1594170
3214027
8457042
1205170
8059011
7173170
2591027
3628025
2912011
6704170
2607011
11894011
8872170
1783013
4455011
2774013
8666011
6928170
17854011
16153011
14151011
164042
6553011
4892042
1385025
5287170
5655011
3353042
3750027
2536042
45027
5889011
4515013
1033013
16629011
3953042
945025
77170
14844011
11087011
16597011
17800011
6105011
2994013
8086011
675027
2649011
625013
3989013
7650042
1032027
3372013
7109042
5612170
1415027
5681011
3232011
1551013
15473011
10997011
266025
3259027
1820170
2560013
5321170
16348011
3046025
686042
4075013
3820027
1992027
2062170
8548011
4327042
1693025
4850011
6918170
14013011
2873011
535013
17160011
2914025
496025
12341011
4895013
5763170
6391170
2978027
1042011
8477011
10945042
3201025
17328011
209042
11024042
2365011
5300027
6033011
1888170
6450170
3682013
1048011
1215027
5571027
2398013
3684025
8223011
3451013
671027
4686027
2494011
3383011
6022027
4606013
2441013
790170
716013
16082011
17314011
5524042
5716027
2076011
1445027
340042
4896042
6712042
16554011
6793170
48042
7857170
7669999
7581042
622027
4044013
4460013
6277042
5344027
14291011
1818025
5645027
1227025
13709011
3823027
6657170
7117011
10409042
7878011
14574011
4400042
5769027
8814042
12487011
271011
8043042
7674042
204170
3512027
3564027
6092011
3405013
5830011
5536170
5493042
15257011
2108170
3188042
1530170
4262013
14666011
204011
6617042
14754011
2128025
4318027
1573013
5370011
4762027
2227170
1991013
2336042
9057011
6879170
5838170
7899042
5545011
3696042
8925170
15922011
1993042
10764042
4623042
4482013
13474011
5098170
8007170
6331170
988013
5601027
5198025
3804025
243027
12004011
6901170
4817042
7146042
1632027
1345013
6839011
2264027
15621011
10213042
280025
16500011
18219011
3186025
421013
4124011
5060025
2930011
5086027
10474042
894013
18250011
8005170
684013
11331042
1051042
3037025
8128011
10733011
11690011
5868042
495042
8553170
933170
2063025
7284011
10602042
8957042
2124025
109027
17572011
7205170
7498170
1353025
2381013
16404011
5326042
5153011
1865042
5482011
4003042
1778170
5395011
3605013
6440011
15731011
9438011
947170
8154170
10304042
5978027
4615042
3656042
2749013
98027
1759013
6641042
13234011
8454042
1474013
293042
6729011
4735013
6462011
5676170
10799011
18077011
5565011
10023011
7340011
8327042
1765025
15093011
5363170
1738011
4607027
625042
7064011
2364170
7179170
6620170
14825011
1785013
11074042
15613011
4852011
4413025
6575042
4990027
3399042
8805011
5597027
5176027
11752011
769013
4613013
10824042
3694013
4854027
1097013
8208042
2206027
670042
5538027
5683042
5419011
4978027
13161011
3026011
3643011
480042
9751011
5401042
11267011
7279011
15803011
3128025
1985042
13158011
4694042
11767011
5817027
1601027
8303011
1692042
10313042
3951025
3747011
2524042
12249011
8739042
254025
17503011
1321011
4386027
8973170
10367042
9714011
1162042
4696027
10929042
4578027
5324042
3299027
6908170
1637013
8542011
12917011
850013
10413042
6116042
746013
2519027
6871011
15698011
17191011
2950025
478013
1784042
16980011
1064170
8005011
188013
882025
11549011
2998042
3294027
155170
3287013
3301042
10351011
3260027
641013
4515042
14243011
2142170
745027
17139011
4296027
1471027
3085042
13683011
3281011
6881170
15828011
10857011
2711013
2721027
525013
4364013
3462025
1931013
2134013
8607042
182170
4574013
2111170
2511027
6208042
3057011
334025
12797011
1566013
10815011
5343011
2208027
8708170
2463013
5473170
6509011
13169011
5205042
3064025
12318011
2813027
162013
1221027
2637025
8507011
6279042
9774011
1296042
5093042
12168011
4010013
8333170
360042
5918170
1190013
13476011
4372013
14395011
4043025
5776011
15002011
7221011
2392027
2738011
3101013
5112025
6298042
3600013
10823042
2774042
2034170
6556170
8574011
4502025
7065170
11823011
3692013
12651011
17889011
10267042
3853042
4566027
12345011
514013
8265011
7526011
3945027
8159011
1382170
17173011
5246027
5742170
7771170
3434027
5332042
14620011
10780042
3398025
5000027
4595042
1850170
1480013
2081011
4792013
10092011
17904011
2884027
7865042
11296011
2378027
15904011
6942011
9458011
9198042
11214011
3915013
9893042
4590013
454170
7234011
10632011
5174042
5525027
4585027
7442042
5043011
13019011
1520042
7736170
14214011
2031013
15597011
11479011
6215170
327025
5749170
3488042
651027
965027
4573027
785013
18200011
15671011
3505027
2244011
196025
5747170
6181170
4286027
6228170
292025
5133042
9337011
2846025
1961042
2543013
9139011
10436011
2219027
1219170
1425042
4604011
5674170
13272011
12505011
5669027
2866025
3836025
1980042
4133025
139025
15487011
6323042
1703170
2803042
9347011
7799170
4876013
2283011
3111027
3285013
12671011
5357027
8248170
8970011
723011
5991027
9210011
4634013
3025011
5090042
2501013
18033011
15177011
711025
4063042
444027
12315011
6697042
5002027
14981011
2306042
8066170
3985025
1814027
5780027
3023027
2943011
2365013
333042
3891027
13982011
4301013
5135170
2703011
10290042
11704011
10803042
539011
2898013
2371011
752042
6912042
733042
8059170
1267027
8282170
538027
728013
8160011
8753042
6537011
214027
5620042
633027
13141011
7400042
5249042
4416013
10424042
7881170
11618011
3738011
988027
5454042
10352011
1860013
2450011
1196011
4883042
10118042
4616011
16169011
9028011
2487013
996013
9212011
1963025
7313042
4639011
5790170
29013
1559042
10686042
898013
17900011
5902027
75025
6551170
13207011
2366042
7832042
3413013
311011
1769042
16662011
6229170
9638011
4711027
4460042
4867042
1336013
4740042
2902027
5258011
14656011
1289011
3975025
1831170
3971027
2914013
12854011
14264011
10061042
1129013
5600027
5407170
1067027
8500011
3288027
14244011
3468013
8760042
4917027
8778042
3745011
15279011
8697011
1045027
9603042
4302027
13665011
11087042
3371042
665170
4109042
2048013
4366013
3611027
1025013
15007011
372025
8543011
869025
4062042
1725027
1066170
496027
7955170
1731025
5227027
8820170
2207013
965025
16200011
8796042
3672025
750011
1073027
1431025
8049170
18223011
1176027
5936027
720042
6945042
3492027
11249042
1533170
11732011
2695042
2539011
4505027
2215025
1188013
15253011
3327027
3247025
3848013
249025
3651011
1253027
4520011
4131011
10189042
6599042
1374170
8689011
6998011
9580011
3621027
1218042
8549170
14982011
2047013
1798027
1449013
5718011
1895013
814170
112027
5702027
2200025
17702011
2613011
2357013
1376011
8562042
3749027
5180042
4415042
10303011
6553170
2550042
5092027
4201013
8344042
7665042
2328025
16221011
3193013
6704011
6023170
4880011
6244011
5493011
5246025
2827013
6294042
207027
2853042
8415011
4812042
5430011
1579025
953027
10240042
1073042
2495013
673013
5175025
2621013
10201011
5189025
5212042
5265027
1258013
2498042
3817013
16984011
5009025
699025
4303027
2892027
2271013
2368013
3945011
2432042
5531042
11863011
4445025
5910011
807013
14155011
8310011
5339042
17218011
5771170
5376027
1705011
4514025
5418011
6715011
469011
2368011
2413027
3053027
2706027
2730025
2399027
5987170
8294170
5042025
4417013
1217027
3940025
15304011
447011
2274025
1040042
3578027
3876025
1190027
7723170
5569042
16147011
6273011
10548042
2699027
9754011
10222042
156042
719011
3979025
7505011
3963011
1148013
15531011
504013
2632025
1434025
3314042
367027
47013
5495027
15367011
4982025
5055011
8765011
12193011
381042
11231042
16384011
1161011
10078042
2013042
8620042
293025
2413042
5739170
394025
372042
636027
8403170
1401042
10829011
3993013
631011
1969027
3716013
78042
8338042
2767042
1871170
1887042
12754011
10698042
5822042
7664170
7111042
10805042
2807025
582025
13845011
5970042
4834027
99013
5098011
11009042
4395042
553042
9537042
17926011
7721042
10895042
6390011
3704042
2200027
17626011
11033011
6444042
16820011
3270042
5279042
2360011
547042
637042
1932011
6522170
1267170
4246042
3042025
3892027
10178042
273013
12089011
2339011
4130027
17613011
1337025
11523011
1856011
2598025
6190170
1552042
3956042
4948013
5246042
9321042
10034011
5043025
1727170
10584011
10901011
782170
3732027
7306170
4586027
54013
16561011
6185011
9054011
12720011
31013
5713170
4224042
340025
7606011
13839011
1026170
3115013
5050025
15044011
12612011
6904042
1060042
1232042
749042
3329013
542013
7738011
2289170
11501011
1858170
8117170
5453011
5923027
4089042
695013
17734011
8003042
17845011
6894011
6539042
13231011
8725011
7501170
11271042
6489170
4862042
14930011
9001011
4876042
4193025
4787027
8284170
5918011
727027
469170
599013
3638025
4055025
2712025
2098013
258042
108027
394013
2671027
7635170
168025
2595027
7815170
10506042
2679027
12896011
14976011
4410013
16264011
3526027
832025
4545027
6960011
2651025
13397011
9641011
17061011
5967042
8636011
260042
5956170
1541042
13660011
7358170
5805170
13725011
7796011
1616025
7054170
4488042
7927170
15552011
2505011
2404170
4127042
4289013
14268011
6741011
10354011
7632042
2399042
9321011
17965011
4191042
6867170
56013
5179011
4707042
9786011
978027
10002011
3366042
5301170
2151027
1228013
2917027
888170
7773011
3189011
2481013
14847011
17640011
2759042
1795013
2326027
296042
8122042
5909011
1044170
3733042
17175011
4248025
439170
9351011
2062013
1826042
966013
6010027
118027
11350042
2957025
1654170
11804011
3098042
6072170
2064011
1303011
4826011
4880027
2595013
7503170
1408170
2295025
2839025
8726011
2240042
1886011
4139013
1455025
4113042
17064011
2345011
1031013
791025
5085011
4635013
3595027
206042
2844042
564027
4873013
15995011
5937170
4333027
7291011
3803013
15574011
2955011
17038011
5460027
4915013
7839042
16684011
4930013
4060011
7741042
3671025
412011
5939170
3949025
896027
7740170
9014042
5393170
6158170
15875011
2273013
5331042
7661042
5567042
2423013
4792011
184011
917025
5867027
2732013
9240011
10670042
4945027
4452011
3139013
811011
3402027
2538013
772170
2237013
857027
350011
18027011
8764011
12027011
3428011
2478013
6652170
710042
1473025
4864027
16720011
3615042
3531027
2797011
10951011
1127025
4485011
11035011
9597011
6009170
2708027
1310042
6316042
675013
3504011
568170
1554011
5230027
2277027
3628013
7623011
8900011
362013
1036027
2226170
1168042
7042
5908042
14845011
14408011
5078042
264025
3154027
3409042
3778013
8741042
4364025
9436011
8377011
5405027
6856011
691025
7542170
10923011
3774027
3874025
2896025
16063011
10696011
4773027
6692011
1841011
5642027
541027
11518011
3707042
5665170
14737011
3862025
1049013
3801011
11075011
2677013
4938042
5689011
5092170
3761013
430025
8183042
6177170
2784027
3613013
5311042
5101011
6272042
4975025
5278042
4267025
371025
17914011
10385042
700170
1248027
2239011
3995025
999011
8755042
7846170
12906011
1903025
2229025
185027
5928042
3789025
7478170
8909011
4693013
11197011
5141170
1661013
5004011
1656042
10422042
7760011
13194011
2078011
857025
5317170
15854011
2542013
1200027
1984170
6709170
123027
4011027
5948027
1053027
10349042
5032011
8337170
3882013
6003170
897011
1063011
3222025
12136011
4344011
8694011
16355011
1592170
9262011
2075011
556025
4401025
12807011
5751042
3053011
1179013
4022013
4517042
17266011
5716170
5015042
5820170
46013
1213011
6147042
14278011
382027
4334042
606170
6755011
3357027
3386027
1631042
3698013
4717013
2236013
8386042
6148170
16218011
2881042
3656013
5659027
6133042
2754025
822013
8221042
5553170
16448011
4840013
10849042
8223042
13661011
2260025
3751027
5267027
2657011
4193027
7579042
9631011
2086025
4345025
3827042
5966170
18165011
17689011
9594011
9374042
14285011
10357042
2584011
6287011
2373042
17360011
8894170
1891011
2863011
5991042
965042
3452027
1386013
5208011
4467027
5957170
4001027
9835011
1853025
15565011
1806170
2776013
3696013
4691027
3347027
1386025
16765011
5925170
72013
1618013
552011
7420042
4677027
591027
6851170
6985042
1037027
671170
10238011
5980011
3481027
13766011
4158027
3181025
13327011
662042
11283042
17285011
2878025
2914011
2696027
3572042
2859042
2719025
2367170
15292011
3661013
7608011
1057025
18011011
18258011
9538011
714170
15121011
6876042
4011011
2231170
4475027
1895170
2982027
3347013
561170
869011
3072025
5960042
5231042
8229011
977170
4586011
6933011
3491013
3583027
3770027
2104025
6294170
2642042
1801170
2593042
84013
12456011
1464042
3903013
4507027
2548042
17790011
14363011
5763011
3865025
16324011
7090011
1013025
8422170
5245170
4700027
7856170
2427042
732013
1272013
3644027
4129025
10567042
5184027
16709011
2940027
3406027
7623042
1123011
5886027
18173011
5886170
379011
12942011
2224170
10058042
1262011
11038011
3178027
3543027
11081011
4121027
8446011
1776042
2112042
4398042
8012011
9109042
809013
1436025
1740011
3215011
1239027
1982027
4666027
3919011
5690027
527170
8778011
6544042
17610011
10943011
2125042
17019011
6148042
7039011
1016013
8493042
839042
5198027
9809042
4434042
5982042
5709170
2196027
2576042
1970042
5870027
2768025
10331042
2205170
5041042
4193013
6417011
3618011
11411011
4140027
1425027
418027
1086025
10230042
3264013
12969011
11250011
7526042
9575011
6711170
16238011
8831170
3830013
861013
333170
13163011
15179011
1457011
9861042
2448013
4096042
1650027
2815013
670027
8299042
1489170
6050170
6756170
1988027
2000011
1941011
9677042
2971042
9757011
4141013
11418011
15559011
232025
462025
264011
17593011
1921013
2290013
5482042
3538025
10576011
5101025
2605042
2474013
3274013
821011
4767027
9690042
2783042
4737027
5699027
9778042
1062027
5068042
1333170
4309042
3273013
3045027
17955011
8724170
11279011
205027
5920011
638027
1372025
4423013
2932025
10772011
9103011
10610042
7495170
1504011
1755170
692013
194042
4888042
4822013
17265011
697170
2317013
1491013
7100011
5762011
7626042
3786027
3313011
8215170
16936011
4172027
1043025
2247042
256027
2283013
3411011
529025
3557011
5364011
5700170
17350011
5259042
8462011
2264042
507013
325013
2929013
4116013
1679011
2322013
4489011
10808011
1039170
10624011
1647011
9918042
700013
2188013
11718011
7010170
5028027
570170
3523042
455025
9121011
14624011
5458027
4726013
3819025
2132013
10807011
17884011
8863170
3370027
5755170
4216013
8360170
3380027
4095025
6104170
10933042
1035042
3190025
5089027
4746027
614011
2850011
5027011
4173042
2704027
6219042
13840011
1274011
2538027
1608027
352042
3227027
5464027
4040025
3157013
3614042
4009025
823027
1370170
1912013
5934027
388027
4756027
3998013
7270011
5836170
6409042
2192027
1289170
2655042
12804011
1867025
1079027
10503042
13894011
745013
6203170
5193042
5302011
17495011
3778027
2622025
411013
1673170
4974027
3623011
6507170
11341011
1144011
10355011
5640170
1313170
5300042
1671013
17620011
14372011
4910011
3461025
3385013
3152027
153011
1260027
2641027
5024025
2182170
177042
6749170
1028025
4110027
4622027
5862170
1898042
3620025
4262011
14109011
10666011
3103011
147025
1103011
2939025
2673011
8203170
1915025
7103042
12935011
1420011
7838042
7781011
4416027
3341042
6332170
9318011
2312170
121042
2822027
10007011
3381013
1101013
1598042
1686027
17281011
2842027
3821042
6942170
384025
5327027
9120042
12259011
17707011
4603027
2815025
2201027
5464170
458170
7421170
776011
9190042
3414011
560027
8553042
101042
4668027
8031170
6103042
143013
6717011
2453013
2756013
129011
5942027
4744042
3555042
3242027
2083011
6492170
783025
4749013
10015011
5717042
8540011
3016013
7018170
3031013
8408170
3513042
10400011
5400027
12354011
1826013
3724011
3284011
17182011
8859011
4585011
7468170
5634027
5677011
3686013
4734027
15844011
3748042
13335011
1368011
3776027
8705042
7740042
6188042
4131025
16006011
1992011
5603170
9296042
653013
230027
1506027
596027
637170
2273042
3380025
3717011
7959042
7727170
7232011
2960027
721013
4476013
10345011
9036170
3920025
5630170
1448025
10822042
1637027
3241025
4316025
2105025
3856027
17871011
2663027
5100027
9437042
7824170
6685042
1115042
1591011
2051025
5624170
1979025
6899170
2678027
4715011
7642170
4471042
1695013
3457025
4704013
6237011
650042
278027
1479011
1497025
1252027
4284013
5483011
14819011
5366027
6654042
8092170
10583042
4636027
12580011
10755011
2946011
1300042
428025
14919011
215013
11116042
983170
10373011
7728011
341170
5757042
14097011
286027
553011
1292025
816027
5394027
7061170
1916042
5823027
6609170
3529013
695027
1712025
15782011
4257027
1991025
6092042
1257042
5804042
10116011
805011
4888013
1490170
10593011
5254011
14802011
17484011
12541011
376013
1724011
2195025
3992011
4095013
14829011
855027
6320170
1696025
6389042
1362042
4152025
12254011
3740013
2860027
7613170
16926011
16439011
5952170
3963025
2166027
2038013
6393170
591013
5409170
2303013
7459011
4651027
9549011
9673042
8296170
3749025
2163025
3553042
5150170
12731011
2119025
15087011
1546042
13342011
7114170
4072027
5115170
1646170
955011
4980042
7889170
11531011
9752042
13415011
3140027
3326013
855025
747170
13524011
6705042
8200042
7010011
3502025
5343027
140170
8115170
12915011
3091027
683013
230025
3931027
5536042
1829042
6627042
8226170
1059013
3571025
616042
2065170
704011
13389011
14902011
4137013
7401011
9027042
1571170
5942011
12293011
11357042
7112011
6426011
4047027
7569011
2455025
5529042
2517025
5937011
2383013
14660011
1933025
2653013
2685013
591042
4941027
603027
4099011
9456011
6545170
5295027
5987042
7331042
3403025
13419011
132025
2105013
4347013
857013
664170
7816170
4772027
2117027
71027
807027
4420027
7336011
1247025
1165170
79011
1279170
1259025
3421013
3354027
4906042
10079042
3086011
470025
284027
4210025
6249170
668025
227013
1406042
6667170
12006011
125025
1835013
6484011
17552011
1756170
4167025
1687025
3605042
6630011
5089025
4465013
498013
14358011
777025
1803042
6131042
1650170
414013
900025
3018042
4743042
12902011
1320011
7528170
2727025
15091011
2640042
10308042
3449025
897027
3699027
3112025
7591170
638013
5470027
12417011
13144011
3471042
1028027
2550025
1741025
6545042
3112042
6008027
3226013
4738013
4353042
4555011
7665999
2793025
2445011
6694170
952025
2436025
196013
3463025
2321025
11352011
8551042
14618011
10088042
6288042
8432042
8194042
634013
714013
3925013
7723042
16170
3968027
2513027
2131027
2650042
12993011
2571042
4749011
11430011
2097170
10156011
6387042
2530027
2831013
5426011
2300025
6407042
193025
143025
6048042
771013
6766042
1641013
6430042
8912042
5611011
13824011
8722042
18273011
13910011
5500042
4755011
17231011
877011
7657011
6940011
5711027
14916011
3755025
395025
214013
4336042
6807042
1928042
4572027
2673042
969013
16821011
421170
27027
7642011
5777170
782042
38042
5778042
6436011
6928011
13080011
5903027
4491013
7157170
2646011
5151042
15593011
3452042
1039027
9058011
1563170
10115042
3392025
4521042
4733027
4276011
5151027
555013
3522027
4045011
1034027
18169011
1052027
8633170
884027
8952011
628170
5195025
14864011
6590011
955013
15396011
5676011
12535011
7020170
17028011
5004027
199042
2288170
7298011
3165027
1306025
1209025
5463011
1067042
136025
2991013
4356025
14873011
2232042
5795170
7962011
1978042
4631027
1857025
6078170
67013
4407025
6914011
146011
3928013
222027
16628011
9099011
16306011
1884025
8133042
1966042
1865013
4079011
5191027
4752011
6408011
3923042
112011
4802013
253011
2452027
3175027
7990170
394170
7776170
12513011
2930027
10924042
2136025
674027
6351042
6353170
7735042
7640042
8149011
7047042
3619025
5081025
2242170
341011
6117011
264027
15573011
5051027
627170
1929013
14292011
14595011
6627011
701011
5720027
1311042
6746042
3627042
13911011
3392011
2302027
7823170
2815011
16668011
1442042
4327025
5836027
14881011
5799011
3520013
1891042
5336170
8262170
4215025
3404042
8667042
7847170
2128042
1735170
10640011
5543027
948170
4230025
17560011
4986011
5784027
1665042
11446011
335011
276011
712025
7690042
5105011
2893025
13607011
1120042
10031042
1073011
3267042
6292042
1412042
3146027
936170
42042
10635011
171025
803013
8548042
6484042
15184011
17179011
17022011
12808011
3709027
2793013
1917042
5070011
13208011
6914170
8256170
7218042
9657011
15401011
1378042
3160011
1786011
10499042
2837013
4375011
410042
3196011
842042
1114013
2389025
9164042
3243013
3390027
731170
1072027
2116170
7904042
544013
2458027
1870011
17250011
4627013
4198025
4449013
3185011
6372170
12946011
2311027
5067027
6750170
16167011
5161011
7388011
12377011
2345027
8364170
2676042
1242011
4444013
6281170
68170
4241013
3084042
1245170
6260011
10935042
4210013
4592027
15485011
2219025
10293042
3438011
5903042
5879027
5408170
1732011
772025
10593042
14491011
8326170
7298170
3064027
3856025
7436011
5110170
7170011
2784042
17929011
3710025
449027
3869027
4023013
2728013
6383011
5186011
1261042
2302170
4576027
16297011
15013
5730027
3040042
5210170
12443011
1878025
2995042
8496042
1413025
1673025
103170
3027011
3925042
1204170
3385027
796013
13018011
6783042
15568011
3484042
3439011
6520042
14592011
13379011
270027
12746011
3503027
5824042
8625042
12726011
8044011
17450011
10443011
6399042
562011
2918025
2818011
556170
2975011
9028170
2171170
3871027
15756011
3744025
15357011
5468027
2368042
2906025
1513027
8957011
13078011
8751011
1879027
9204011
4204025
7472011
5471170
2026013
18216011
9322011
3125013
10075011
3131013
9221011
4347025
6766170
2969011
7908042
16466011
4613042
3367013
3311042
1428042
9592042
11237042
10920042
6398011
1123013
1372011
7578011
4359013
1028011
4507042
2865027
7127042
1270011
14230011
967011
1861042
3025027
2706042
3968025
1004013
3799011
17516011
1209042
2517011
204042
7974011
7087170
13477011
7514042
6250170
1204042
5464011
6002042
1052170
1062025
6503011
4205013
43027
200011
6805170
2354025
8297170
2718027
15982011
2567042
5585027
14304011
10301042
1615025
4676027
2842042
6657011
3076042
2599013
8391170
114042
2126013
12657011
6962170
2043011
7748170
5562027
3601011
1738042
17317011
11150042
11085011
942011
1700025
7678042
2221013
11194011
2786011
4630013
5892011
4515025
12503011
200013
5892042
10065011
5742042
3969025
38013
7644011
13096011
8393011
6895170
2881025
2574025
8112170
6602011
3210025
17113011
2250025
4240025
10498011
5160027
2816027
10430011
7032042
155013
1103042
527027
4119042
5702170
3412025
7778170
78013
5355170
4841013
2846027
1583013
5041025
9444042
1001170
5235025
4608011
1949011
502042
6458170
12927011
17735011
17909011
4367027
3873013
4060042
7024170
3087025
924042
11170011
6193011
9236011
5461027
11369042
2482013
16780011
3502027
1133013
2358013
16840011
7110170
12415011
6097011
7989170
3027025
5285042
16502011
5384011
991170
5626027
1800027
3467025
5792170
4956042
1789027
8382011
2398011
12278011
10485042
17003011
729042
17766011
3243025
2237025
5927027
2308042
521042
2472013
7922170
113011
1617013
17269011
8724042
7171042
4962013
10962042
2975013
1358025
216027
2544011
5137042
7450011
2598011
11184042
1063013
9842011
6245170
2283042
3689011
15594011
10047011
3330013
8695042
865170
4312013
8960011
1576013
1965027
15032011
2053042
2964013
9841011
15509011
6605042
308025
885025
4176013
14555011
12552011
4108025
1463011
15219011
378027
3760027
981011
872011
1456025
10425042
9597042
485170
1916170
4286013
4977025
1081170
8002170
6231011
1277013
14168011
11245011
2337170
7595042
4491011
3839027
3932042
1425025
5518027
4233013
2420027
2386042
3570027
11605011
4238011
1430013
1371042
224013
4034025
715025
4951042
6122011
2060025
14824011
2158027
15706011
9475042
6133011
3687013
1507042
199011
2132042
5102027
7349011
226042
2595042
4982027
453027
3973042
11078011
4096025
4171013
2961027
491011
9119042
1836013
3667042
183025
146025
1943013
5399042
930042
1475011
4759013
8745042
4485013
11095011
5592170
16339011
543011
8358170
2196011
2615025
12672011
1542170
7112042
6345170
8609042
438027
9420042
1073170
8462042
8000042
9735011
961042
980170
17274011
5069025
1640025
5727011
7160042
10790042
219042
7727042
6021042
173170
5211042
1623042
6322170
3911027
1095025
8999011
8710170
867013
10611011
11195011
1349170
767027
4478027
16423011
3560027
6988011
2580013
1555027
3502013
14764011
2891042
7707170
5430170
10118011
10096042
6026011
5857042
4546013
1846013
1676170
6056170
17037011
5244027
2840027
1177025
2611042
4154013
992042
5944011
3440025
6251170
16692011
4242042
757042
6962042
3825042
3752027
4765013
9090011
672027
2267025
3029042
6789170
17325011
5803042
8192170
1770025
7081042
15412011
4897013
1451025
5588170
4716013
679042
4425042
2088042
3130011
7564170
14671011
6100042
2414013
5856170
15191011
1927170
3220013
9331011
413025
3710042
6964170
5807011
181025
15303011
2908025
17682011
3380013
1841013
10761011
3659013
5530170
5292170
2647011
1930013
8210042
6539170
5094011
1610027
1530042
3093027
10845011
4474027
2320027
7145170
8622011
4551027
3235042
12788011
2281170
1086011
10574042
3515042
726025
5204025
11295042
4320013
2620027
2012027
3183013
5855170
1722025
9862011
2577025
10927042
3912027
85027
6490011
1703027
1736011
2776027
6063170
5931027
8173011
3888011
1973027
9542011
11989011
2293011
3001011
1983170
2394011
8403042
1262042
4635011
76170
8787170
7532042
1787170
3014027
5553011
8143042
189027
9904042
6355170
16044011
15461011
1404042
10612042
2466027
2748013
4248042
3513013
207013
4184025
1871025
3713027
2404027
5918042
1848013
8119170
3072027
8084170
7617011
3873042
4665011
617042
1450013
718013
6911011
4701011
16213011
15723011
17875011
857170
2764013
18100011
11494011
7751042
11241042
4514013
3671013
16036011
383013
2609013
10509011
1463027
6184042
6572011
4671013
9144011
7096170
8224042
4189042
5669011
8426011
9042011
4299011
4196027
5073011
6100170
2566011
13179011
516027
3784013
1829013
32013
2589013
5972042
4098025
14909011
6696011
1445025
1099170
5730170
10080042
7429170
5775011
5145025
1842013
9344011
13866011
5120027
3473042
220011
3869011
10352042
4095011
4319013
2823013
13621011
1490042
5155042
16755011
387025
5233170
1259042
6941170
855011
3156027
4509025
14984011
7972011
3870025
10883042
3174013
1558027
10174042
1637042
4487027
1745042
2284027
16648011
7297011
9660011
5100011
7955011
3479027
5366170
4472042
705170
1270027
2477013
776042
11927011
9975011
1565025
4424042
2172013
9621011
3163013
1738025
7423011
3116027
2484013
604011
2167170
711013
354025
384042
9077011
8366170
4633042
1484042
4995027
5089042
3789027
8396011
487025
10603042
2050011
12088011
4900042
11669011
698011
17780011
16028011
2392042
3856042
3496027
11252011
3210011
4327011
8004011
6149011
928025
4821011
712042
4251011
5686027
3736042
7280011
4059027
358025
5425027
9025011
707042
581013
634170
3938025
2248170
8593042
4086025
2383027
1275027
8536011
1853042
2081025
1493042
8039011
8774042
6768011
8451042
4365027
2875027
7102170
10959042
3441027
11301042
3342025
15614011
11304042
3041027
14197011
5270170
5871170
1408042
2138042
4919027
2519042
13934011
17424011
15313011
18020011
7426170
3323025
10792042
5235011
6744011
1671025
5859170
8038011
6330042
6514170
7701011
3305025
882027
7872042
4291025
13135011
5104042
8546011
3584013
73025
2545013
16133011
18148011
7132042
2139027
8002011
3882011
3112013
1109042
10089011
5320011
5467042
7490170
4148027
18153011
718170
11992011
5379027
7909011
15176011
5032027
5698042
4763013
959042
3067027
8672011
7212011
9435011
16350011
12849011
2675042
10727011
4868011
3379013
481013
7505170
5902011
1891170
4823027
145170
89025
17215011
10008011
3780042
26170
4251025
7926042
3216042
839013
7407170
5694042
6019042
6278011
1923013
13909011
4907042
4497042
8201170
1989013
540013
3130027
13318011
608042
717011
9578042
6793042
4261025
2626042
3820042
1236013
3029027
4811013
15138011
2159042
2756025
14141011
3151013
5286170
901027
9865011
6376170
711170
17012011
2296027
13895011
227042
5903011
12848011
156011
9839011
536025
5232042
7981170
17492011
3898013
3495013
13005011
241042
4914027
12365011
4808013
16425011
4889027
8537170
4841027
3883013
563025
6124170
3202025
1251013
14245011
12107011
17705011
2201011
8561011
2652013
14988011
1588042
7384011
5476042
2537042
6719011
1153027
1308042
7741170
8614011
3327025
1643013
1647042
10650011
6410170
17010011
329027
375011
16076011
12214011
4349025
5180011
5407042
1491042
8270011
4120027
10281042
1149013
1351013
544042
8669011
1267025
8500170
9739011
2486025
7550042
1393025
8502011
3205025
1180170
16631011
10925042
4599011
4197027
7659011
5105025
7628011
7096042
974042
351042
936013
2961025
10362011
5943170
17435011
10915042
10479011
3949013
7430042
8322011
6700011
8843011
771042
6075170
2886011
4830011
252011
15099011
4937013
2083170
2217011
17044011
8962170
691170
11431011
16975011
435170
7183170
15043011
4352025
5623027
1602013
9997042
3482027
6089042
9111011
5504027
9445042
13886011
3548042
7031011
4796013
2702027
860170
2437013
15933011
1234025
4122025
857011
6525042
1649025
282027
3330011
12218011
7703170
8433170
4612013
8070042
7284042
16232011
4616027
7766011
14651011
6476011
6482011
645011
1816025
2227025
7668042
840027
6045042
4680042
4048011
5670042
3964027
17837011
15546011
390170
8474011
15218011
7903170
9222042
5847042
9437011
1580042
16859011
18102011
1597013
2297025
4328013
2313025
4050013
11351011
2926011
438011
9304042
11584011
13717011
3453025
5856011
4288011
4030013
4800013
8868011
3292013
9681011
2014025
563027
2911025
2640013
5200011
1822011
744011
4427042
2875025
1939025
4839042
10638011
11242042
8588011
18252011
3460013
2047025
16468011
15927011
4000027
17962011
358013
12346011
2586042
4167011
5799170
1119170
4637013
4986027
17431011
17351011
2147042
2676013
6718042
6621042
8188011
5472170
6270170
2271042
1201027
6437170
2059025
9286011
7119170
2840025
7535011
119013
7825011
1696027
9710011
10508011
299042
3056011
5037025
9818042
11103042
4789011
6456011
5669170
7520011
5425011
16771011
966042
1865027
8146011
3077042
2862027
5194025
11391011
4175027
5689170
998170
5156042
379027
8330042
2687027
6422042
13585011
6304042
3507025
1895011
1187027
352011
2121025
168013
2694011
3813042
4203011
2636011
3053013
1935011
3307013
3229013
3157042
15285011
3487025
1597011
46027
3700042
8630042
6691170
3858013
7251042
8714170
3630042
11297011
13637011
6024011
5187027
8478011
15717011
9696011
2303027
11016011
2803011
2351013
938042
15414011
15652011
5646042
2427011
16318011
2903025
1574042
5727027
4095042
2728042
9342011
14339011
5251025
8011042
6006011
311170
3098027
15324011
4883027
7165170
16229011
16930011
10595042
6071170
8671170
5306042
5834170
4643013
3372027
836042
1859027
6271042
3062011
4387042
1072025
7586170
11451011
4959027
7629042
4655042
6630170
10393011
4806027
9694011
6463011
6937170
3217011
1825025
579042
7628042
2458042
16202011
785027
5575027
5757027
10949042
812025
13275011
14807011
1796170
4170
4578013
2813042
5594027
9312011
362042
6881011
8726170
6774011
4072013
11108042
1471011
4832027
4863011
2825042
2803027
10385011
2639013
4749027
7684042
4507011
17760011
1960025
9253011
13566011
8375042
359170
3592027
2241025
2974027
10156042
5829170
5194042
2180025
4840042
1263042
4358013
7141042
3496025
7459042
1938042
672013
1093170
3483013
2478042
1278013
2619027
486170
2365027
10950011
15562011
1838170
1154027
8578011
10366042
631013
2260011
5165025
12401011
13121011
6171170
16632011
4458027
6034027
7807011
16725011
4815013
1972027
3469042
1088170
8163170
1834013
2550013
8593170
16269011
8000170
3829042
7672999
16705011
17939011
6593042
3622013
6121170
2130042
1236025
7655042
4204013
9703042
10724011
8266170
1250027
14196011
1957013
1070027
4425025
3527042
929027
1621013
7511042
524025
8427170
12212011
7309170
11298042
4650011
13239011
432170
6325170
2251170
1011170
8589170
6084011
4769011
1274170
11297042
8522170
2814042
1463042
5823042
1165027
14012011
2387170
8056170
10247042
6699170
7121011
35042
6038042
1466027
10994042
2417170
3911025
4118013
10391042
18266011
4363011
9290011
5117170
55025
5883027
7804042
1629013
4738027
5341170
1844027
2936011
2077011
4250011
477042
2743013
16574011
13314011
1748011
1330170
13978011
9652011
12364011
854013
6032042
6122042
2863025
4625011
2363042
16052011
1252170
7534170
6523042
1549025
231042
12696011
195042
4301042
2014042
8155011
2150042
904025
5371027
7862011
1225042
1490013
7523042
553025
7930011
2642027
9530011
8681011
3856013
14082011
13077011
674013
13197011
8476170
7901042
6143042
8000011
15444011
2873042
6476170
15133011
3380042
4007027
4549042
9266042
7020011
7792170
120011
13390011
102042
4921027
1519011
7557170
14314011
9907042
3981027
1568027
3487013
2733025
10615042
7239042
975027
5777011
8518170
4042025
3809013
15572011
1541027
3977027
2010170
9243042
3475025
213042
9413011
1386170
5171025
1835042
3328025
1922027
5887042
14499011
2399170
6929011
11055042
2687025
8673170
6359170
2844027
271013
12540011
10912042
8107170
11489011
10511011
1485042
4345027
8944011
9614011
16019011
1173042
7090042
6753170
7745011
411011
331025
4720042
6469011
3435013
7409170
17073011
8802042
159013
4800011
10985011
15746011
3975011
4656027
3924027
1415042
1218027
1447027
4783013
2646027
5419170
8770011
8455011
7397170
2737013
3285025
4057013
531013
5160025
153170
1190170
13900011
1198027
3346027
11002042
16427011
10241042
7226011
6386170
1514170
3233042
4961011
8715170
2333025
17527011
6082170
5447011
1893170
5193170
7738170
11046042
2125013
10525011
3276011
17430011
10745042
18161011
8418011
17596011
3414042
4343025
2564011
1381042
8123011
5479042
5863170
3208013
1951042
680027
5127025
2257013
2154170
1621011
15333011
5206042
1881027
800027
7573042
14312011
12531011
12045011
1407013
11348042
1521170
18213011
4848013
5619042
11526011
6646042
7729170
5603011
3403013
5514011
1276013
10205011
4755042
5214027
2179025
15411011
3916042
7176170
1136011
3762042
3688013
6568042
14756011
2003013
1768170
13023011
5062011
1782027
4529013
4942042
5200042
864013
477011
2037170
10736042
5942170
10333042
10892042
6714042
256025
868025
2349027
3911042
8590011
4491027
6764170
3032011
4300011
10809042
8940170
1818011
6456042
13642011
3470013
15786011
4494011
17046011
9123011
5501011
15207011
263013
9017170
4929027
7033011
2188042
8040170
5398042
2860025
1210170
3191011
6901011
2126025
3028025
885027
9192011
5362011
4192025
2960042
845042
710025
1483042
14822011
4328027
652013
40011
1388013
8008011
3852027
14162011
8095011
10170
4937027
234011
314042
5532170
5572042
1420025
6137042
6347011
10329042
7179042
17916011
3187013
1187013
7100042
219027
8949170
11364042
70025
5615011
2734027
1031027
10116042
3090013
5108042
2941011
585013
2901025
5232011
2343042
1655011
3941013
3168025
6321042
747011
7499011
4835013
3824011
1186027
13994011
11086011
5463170
17260011
3576013
6948042
9864042
8310170
1393013
2795011
7349042
8459042
1083170
7484170
897170
6583011
631042
4028025
17663011
1447042
17606011
9553011
5248042
1651027
11064011
1888042
5864011
535011
2533025
8342042
2971011
5466011
7870042
5642042
3174011
8983011
2065027
7206011
3443013
2465013
2474042
16987011
2307025
7214011
635042
8204042
4479013
2548025
16095011
2376027
1062013
3015013
909025
3174025
2339027
12711011
1653170
132013
14083011
2795027
17128011
6826170
13581011
300027
2390042
2627013
7523170
7027170
7928011
4033027
2956013
7571011
3021027
2850027
6729170
73042
6171011
13199011
13120011
10245042
5697170
3765027
9470011
1461027
90025
10152042
7058170
7757170
7365170
241027
2243170
6218042
5579027
3489013
4282013
11720011
10339011
13395011
8314170
3524013
9888042
2802013
426027
4176025
12958011
4619011
1920027
1524013
1687011
2456011
2736025
4993011
495170
2700011
360027
4960042
3807042
995013
839027
987025
1736025
10963011
9069011
16625011
5480042
429025
4898027
6821011
5424011
1923170
6134170
16942011
3220042
6220170
16877011
8804170
11273042
272013
15458011
1413042
3649042
18189011
17417011
3642011
2455027
6900170
2690013
3968042
15677011
2925027
12557011
4506027
15062011
18240011
2450027
35027
9065042
15745011
3021042
2967027
15204011
3647025
3630027
860013
400025
373027
1227042
5963042
2329170
4452025
1702027
916170
1733013
1944027
5215027
11035042
5099025
5040025
1433027
3715042
11079042
3928011
3404027
1433013
2105042
18186011
8142170
1105011
1714025
3739025
2923042
6368170
7035042
7703042
16263011
114025
4210027
10447042
508013
4779011
230042
4231042
2102042
4769013
3509011
4279042
6442170
8580042
4869013
8544170
3773027
4880042
8811011
14942011
16575011
3246011
4002027
6954011
18117011
5223025
2638027
13110011
6628011
2562013
649027
18207011
12111011
61027
3953027
2320042
16802011
15479011
496042
17812011
17902011
4723027
4723042
2743027
1294042
4141025
5043042
2468013
326025
2636025
392025
16108011
739011
1107025
3476042
193027
740027
3003042
14269011
9608011
5210027
15193011
14813011
3274042
7396170
4398013
4045025
1565042
2211027
6705170
1674025
2845027
5023042
2138025
1595011
13017011
16934011
7265011
2725025
17068011
218027
1520027
9613042
2524027
7530011
16549011
11108011
1509013
4354013
17240011
13092011
8544011
5388011
4782027
5950027
5751170
6636011
6772170
14714011
12490011
15139011
995170
879025
13592011
1419027
6136042
11088011
4518013
12010011
4464042
17303011
11427011
8592170
1017170
13330011
2281025
1724013
1781027
10992042
7208170
12690011
9641042
6241011
7606042
11112042
5898027
4426013
5081170
2223011
332013
1876042
4117027
11255042
7548170
16609011
3444027
1171013
5247027
7615170
4388013
277025
1661027
10676042
423042
817027
2416042
5638027
8911042
1545025
317170
2626027
9118042
802013
8964011
3330025
3657013
3841027
666025
8834011
5996042
4349013
845027